1
1
0
128
3 997
3 991
3 983
3 977
3 971
3 967
3 953
3 947
3 941
3 937
4 929
4 919
4 911
4 907
4 887
4 883
4 881
4 877
4 863
4 859
4 857
4 853
4 839
4 829
4 827
4 823
4 821
4 811
4 809
4 797
4 787
4 773
4 769
4 761
4 757
4 751
4 743
4 739
4 733
4 727
4 719
4 709
4 701
4 691
4 683
4 677
4 673
4 661
4 659
4 653
4 647
4 643
4 641
4 631
4 619
4 617
4 613
4 607
4 601
4 599
4 593
4 587
4 577
4 571
4 569
4 563
4 557
4 547
4 541
4 523
4 521
4 509
4 503
4 499
4 491
4 487
4 479
4 467
4 463
4 461
4 457
4 449
4 443
4 439
4 433
4 431
4 421
4 419
4 409
4 401
4 397
4 389
4 383
4 379
4 373
4 367
4 359
4 353
4 349
4 347
3 337
3 331
3 317
3 313
3 311
3 307
3 293
3 283
3 281
3 277
3 271
3 269
3 263
3 257
3 251
3 241
3 239
3 233
3 229
3 227
3 223
3 211
3 199
3 197
3 193
3 191
3 181
