1
0
0
128
3 997
3 991
3 983
3 977
3 971
3 967
3 953
3 947
3 941
3 937
3 929
3 919
3 911
3 907
3 887
3 883
3 881
3 877
3 863
3 859
3 857
3 853
3 839
3 829
3 827
3 823
3 821
3 811
3 809
3 797
3 787
3 773
3 769
3 761
3 757
3 751
3 743
3 739
3 733
3 727
3 719
3 709
3 701
3 691
3 683
3 677
3 673
3 661
3 659
3 653
3 647
3 643
3 641
3 631
3 619
3 617
3 613
3 607
3 601
3 599
3 593
3 587
3 577
3 571
3 569
3 563
3 557
3 547
3 541
3 523
3 521
3 509
3 503
3 499
3 491
3 487
3 479
3 467
3 463
3 461
3 457
3 449
3 443
3 439
3 433
3 431
3 421
3 419
3 409
3 401
3 397
3 389
3 383
3 379
3 373
3 367
3 359
3 353
3 349
3 347
3 337
3 331
3 317
3 313
3 311
3 307
3 293
3 283
3 281
3 277
3 271
3 269
3 263
3 257
3 251
3 241
1 239
2 233
2 229
2 227
2 223
2 211
2 199
2 197
2 193
2 191
2 181
2 239
