1
1
0
128
4 997
4 991
4 983
4 977
4 971
4 967
4 953
4 947
4 941
4 937
4 929
4 919
4 911
4 907
4 887
4 883
4 881
4 877
4 863
4 859
4 857
4 853
4 839
4 829
4 827
4 823
4 821
4 811
4 809
4 797
4 787
4 773
4 769
4 761
4 757
4 751
4 743
4 739
4 733
4 727
4 719
4 709
4 701
4 691
4 683
4 677
4 673
4 661
4 659
4 653
4 647
4 643
4 641
4 631
4 619
4 617
4 613
4 607
4 601
4 599
4 593
4 587
4 577
4 571
4 569
4 563
4 557
4 547
4 541
4 523
4 521
4 509
4 503
4 499
4 491
4 487
4 479
4 467
4 463
4 461
4 457
4 449
4 443
4 439
4 433
4 431
4 421
4 419
4 409
4 401
4 397
4 389
4 383
4 379
4 373
4 367
4 359
4 353
4 349
4 347
4 337
4 331
4 317
4 313
4 311
4 307
4 293
4 283
4 281
4 277
4 271
4 269
4 263
4 257
4 251
4 241
4 239
4 233
4 229
4 227
4 223
4 211
4 199
4 197
4 193
4 191
4 181
