00100000000001000000000000000000
00100000000010000000000000000000
00100000000010010000000000000001
00100000000100010000000000000000
00100000000100100000000000000001
10001100100100000000000000000000
00100010000101000000000000000000
00000010001100101000100000100000
00100010010100110000000000000000
00100010001100100000000000000000
00100010011100010000000000000000
00000010000010011000000000100010
00010010000010000000000000000010
00001000000100000000000000000111
10101100100100010000000000000100
00000010001011000101000000100100
00000010001011000101100000100101
00000010001011000110000000100000
00000010001011000110100000100010
01110010001011000111000000000010
10101100100010100000000000001000
10101100100010110000000000001100
10101100100011000000000000010000
10101100100011010000000000010100
10101100100011100000000000011000
