695
0
1
0
54
22
52
0
63
0
13
51
0
1
0
54
10
0
12
51
0
13
0
42
0
9
3
10
0
42
22
54
52
9
0
1
63
1
0
54
10
12
54
10
52
63
1
0
12
52
54
9
55
0
12
0
1
9
42
0
12
0
61
13
54
62
3
9
55
51
22
54
0
52
9
0
3
1
51
22
51
4
9
55
60
3
7
54
10
3
0
55
60
3
62
63
0
1
0
9
3
52
12
52
2
52
10
0
54
13
61
63
3
52
19
58
51
12
1
60
0
1
3
0
63
62
12
0
42
0
10
9
58
61
0
54
0
19
3
42
12
7
57
0
10
0
52
9
58
6
57
0
7
2
56
9
55
0
6
0
2
52
10
2
0
55
8
2
5
59
61
57
52
27
0
37
21
56
8
56
9
0
63
6
47
63
3
9
43
12
52
0
22
14
37
4
51
12
61
0
10
54
13
5
0
58
0
56
8
56
23
40
61
10
3
61
54
12
56
8
56
6
0
45
9
27
55
58
6
0
37
21
53
9
57
7
8
0
50
6
0
3
52
63
0
27
37
4
23
0
40
10
51
0
4
60
0
18
0
37
27
37
0
12
0
61
12
55
62
0
26
1
37
63
13
61
3
52
54
22
42
27
58
43
10
26
40
62
0
54
0
12
9
53
3
61
54
21
1
51
12
53
9
8
58
16
27
21
43
22
52
0
3
63
15
0
47
63
13
63
52
3
15
47
9
2
56
63
15
58
0
1
55
23
47
8
50
23
37
0
1
0
3
63
9
43
36
38
12
63
6
59
63
55
0
7
55
9
17
50
61
0
2
15
41
0
63
24
38
12
54
52
12
62
54
10
0
9
17
3
25
27
49
1
23
47
17
41
26
38
8
53
26
49
16
46
3
52
54
0
13
24
46
57
27
47
54
1
23
55
58
62
57
24
47
2
53
17
12
38
23
41
0
6
3
54
27
0
61
55
59
61
12
33
46
39
6
9
47
58
6
58
26
0
7
54
49
1
24
39
62
8
9
50
61
17
3
47
5
56
17
3
0
7
39
1
63
18
8
44
58
1
61
18
63
55
56
20
62
54
10
9
1
56
44
21
46
24
30
61
30
7
55
10
30
14
10
9
45
59
17
0
47
0
18
36
34
58
46
63
16
3
6
30
27
46
55
24
55
13
6
54
0
50
54
61
30
46
6
58
16
39
9
16
39
25
46
30
28
0
14
13
51
10
9
54
55
0
9
0
28
27
19
1
53
37
13
63
0
19
0
60
4
51
50
9
24
0
45
19
57
52
56
27
0
27
3
0
1
51
36
3
1
51
10
40
6
3
51
30
8
17
47
53
0
3
61
12
38
17
0
62
40
24
2
37
27
0
7
0
55
40
27
9
34
21
63
61
37
3
25
9
18
49
25
30
55
33
10
29
46
19
61
10
38
18
38
14
50
51
40
24
22
15
3
45
18
0
44
29
53
46
18
2
8
56
0
61
40
28
46
18
6
0
45
21
56
63
0
1
61
27
21
27
53
11
38
24
3
61
0
58
61
10
1
56
17
19
36
62
2
28
46
42
13
24
