K3
34
 4  4  4  4 10 10 11 11 12 12 13 13 14 14 30 -3  2  2  2  2  2  2  2  2  6  6  6  6 14 14 30  0  2  2 
14
15 0
31 0

0 0 0
2 1 1
3 2 2
4 3 3
5 4 4
6 5 5
14 6 6
16 7 7
18 8 8
22 9 9
30 10 10
32 11 11
K4
40
 4  4  4  4  5  5  5  5  6  6  6  6 14 14 30 -3  2  2  2  2  2  2  2  2  6  6  6  6 14 14 30 -2  2  2  2  2  6  6 14 14 
14
15 0
31 0

0 0 0
1 1 1
2 2 2
6 3 3
14 4 4
16 5 5
18 6 6
22 7 7
30 8 8
32 9 9
34 10 10
38 11 11
K5
198
 4  4  4  4  5  5  5  5 12 12 26 27 28  0 -1 -3  2  3  2  2  6  7  8  8  9  9 10 10 11 11 24 25 26  0  0 -1 -2 -3  2  3  2  3  2  2  6  7  4  4  5  5  6  6 14 15  8  8  9  9 20 21 22 23 -3 -3 -3 -3 -3 -3 -3 -3  8  8 18 19 20 21 22 23 24 25 26 27 28 29 30 31 16 17 18 19 20 21 22 23 24 25 26 27 28 29 30 31 16 17 18 19 20 21 22 23 24 25 26 27 28 29 30 31 16 17 18 19 20 21 22 23 24 25 26 27 28 29 30 31 16 17 18 19 20 21 22 23 24 25 26 27 28 29 30 31 16 17 18 19 20 21 22 23 24 25 26 27 28 29 30 31 16 17 18 19 20 21 22 23 24 25 26 27 28 29 30 31 16 17 18 19 20 21 22 23 24 25 26 27 28 29 30 30 
178
13 0
14 2
15 6
33 0
34 2
35 4
36 8
37 16
62 0
63 16
64 32
65 48
66 64
67 80
68 96
69 112

0 0 0/1
1 1 0/2
4 2 0/3
10 3 0/0
11 4 0/4
12 5 1/1
16 6 0/5
17 7 1/2
18 8 2/1
20 9 3/1
21 10 4/1
22 11 0/6
23 12 1/3
24 13 5/1
25 14 6/1
30 15 0/7
31 16 2/2
32 17 7/1
38 18 1/4
39 19 3/2
40 20 8/1
41 21 9/1
42 22 A/1
44 23 0/8
45 24 2/3
46 25 4/2
47 26 B/1
48 27 C/1
52 28 1/5
53 29 5/2
54 30 D/1
55 31 F/0
58 32 2/4
59 33 3/3
60 34 6/2
61 35 7/2
70 36 8/2
72 37 0/9
73 38 0/A
74 39 1/6
75 40 1/7
76 41 1/8
77 42 1/9
78 43 1/A
79 44 2/5
80 45 2/6
81 46 2/7
82 47 2/8
83 48 2/9
84 49 2/A
85 50 3/4
86 51 3/5
87 52 3/6
88 53 3/7
89 54 3/8
90 55 3/9
91 56 3/A
92 57 4/3
93 58 4/4
94 59 4/5
95 60 4/6
96 61 4/7
97 62 4/8
98 63 4/9
99 64 4/A
100 65 5/3
101 66 5/4
102 67 5/5
103 68 5/6
104 69 5/7
105 70 5/8
106 71 5/9
107 72 5/A
108 73 6/3
109 74 6/4
110 75 6/5
111 76 6/6
112 77 6/7
113 78 6/8
114 79 6/9
115 80 6/A
116 81 7/3
117 82 7/4
118 83 7/5
119 84 7/6
120 85 7/7
121 86 7/8
122 87 7/9
123 88 7/A
124 89 8/3
125 90 8/4
126 91 8/5
127 92 8/6
128 93 8/7
129 94 8/8
130 95 8/9
131 96 8/A
132 97 9/2
133 98 9/3
134 99 9/4
135 100 9/5
136 101 9/6
137 102 9/7
138 103 9/8
139 104 9/9
140 105 9/A
141 106 A/2
142 107 A/3
143 108 A/4
144 109 A/5
145 110 A/6
146 111 A/7
147 112 A/8
148 113 A/9
149 114 A/A
150 115 B/2
151 116 B/3
152 117 B/4
153 118 B/5
154 119 B/6
155 120 B/7
156 121 B/8
157 122 B/9
158 123 B/A
159 124 C/2
160 125 C/3
161 126 C/4
162 127 C/5
163 128 C/6
164 129 C/7
165 130 C/8
166 131 C/9
167 132 C/A
168 133 D/2
169 134 D/3
170 135 D/4
171 136 D/5
172 137 D/6
173 138 D/7
174 139 D/8
175 140 D/9
176 141 D/A
177 142 E/1
178 143 E/2
179 144 E/3
180 145 E/4
181 146 E/5
182 147 E/6
183 148 E/7
184 149 E/8
185 150 E/9
186 151 E/A
187 152 F/1
188 153 F/2
189 154 F/3
190 155 F/4
191 156 F/5
192 157 F/6
193 158 F/7
194 159 F/8
195 160 F/9
196 161 F/A
K6
202
 4  4  4  4  5  5  5  5 12 12 26 27  0  0 -1 -3  2  3  2  3  4  5  6  7  8  8  9  9 10 10 22 23 24 25  0  0  0 -1 -2 -3  2  3  2  3  2  3  2  2  6  7  4  4  5  5  6  6 14 15  8  8  9  9 20 21 22 23 -3 -3 -3 -3 -3 -3 -3 -3  4  4  4  4 10 10 11 11 24 25 26 27 28 29 30 31 16 17 18 19 20 21 22 23 24 25 26 27 28 29 30 31 16 17 18 19 20 21 22 23 24 25 26 27 28 29 30 31 16 17 18 19 20 21 22 23 24 25 26 27 28 29 30 31 16 17 18 19 20 21 22 23 24 25 26 27 28 29 30 31 16 17 18 19 20 21 22 23 24 25 26 27 28 29 30 31 16 17 18 19 20 21 22 23 24 25 26 27 28 29 30 31 16 17 18 19 20 21 22 23 24 25 26 27 28 29 30 30 
180
12 0
13 2
14 4
15 8
34 0
35 2
36 4
37 6
38 10
39 18
66 0
67 16
68 32
69 48
70 64
71 80
72 96
73 112

0 0 0/0
1 1 0/1
4 2 0/2
10 3 0/3
11 4 1/1
16 5 0/4
17 6 0/5
18 7 2/1
19 8 3/1
20 9 0/6
21 10 1/2
22 11 4/1
23 12 5/1
24 13 0/7
25 14 6/1
26 15 7/1
30 16 1/3
31 17 2/2
32 18 3/2
33 19 8/1
40 20 0/8
41 21 1/4
42 22 4/2
43 23 9/1
44 24 A/1
45 25 B/1
46 26 C/1
48 27 0/9
49 28 2/3
50 29 3/3
51 30 5/2
52 31 F/0
56 32 1/5
57 33 6/2
58 34 7/2
59 35 D/1
62 36 0/A
63 37 1/6
64 38 2/4
65 39 3/4
74 40 E/1
76 41 2/5
77 42 F/1
82 43 1/7
83 44 1/8
84 45 1/9
85 46 1/A
86 47 2/6
87 48 2/7
88 49 2/8
89 50 2/9
90 51 2/A
91 52 3/5
92 53 3/6
93 54 3/7
94 55 3/8
95 56 3/9
96 57 3/A
97 58 4/3
98 59 4/4
99 60 4/5
100 61 4/6
101 62 4/7
102 63 4/8
103 64 4/9
104 65 4/A
105 66 5/3
106 67 5/4
107 68 5/5
108 69 5/6
109 70 5/7
110 71 5/8
111 72 5/9
112 73 5/A
113 74 6/3
114 75 6/4
115 76 6/5
116 77 6/6
117 78 6/7
118 79 6/8
119 80 6/9
120 81 6/A
121 82 7/3
122 83 7/4
123 84 7/5
124 85 7/6
125 86 7/7
126 87 7/8
127 88 7/9
128 89 7/A
129 90 8/2
130 91 8/3
131 92 8/4
132 93 8/5
133 94 8/6
134 95 8/7
135 96 8/8
136 97 8/9
137 98 8/A
138 99 9/2
139 100 9/3
140 101 9/4
141 102 9/5
142 103 9/6
143 104 9/7
144 105 9/8
145 106 9/9
146 107 9/A
147 108 A/2
148 109 A/3
149 110 A/4
150 111 A/5
151 112 A/6
152 113 A/7
153 114 A/8
154 115 A/9
155 116 A/A
156 117 B/2
157 118 B/3
158 119 B/4
159 120 B/5
160 121 B/6
161 122 B/7
162 123 B/8
163 124 B/9
164 125 B/A
165 126 C/2
166 127 C/3
167 128 C/4
168 129 C/5
169 130 C/6
170 131 C/7
171 132 C/8
172 133 C/9
173 134 C/A
174 135 D/2
175 136 D/3
176 137 D/4
177 138 D/5
178 139 D/6
179 140 D/7
180 141 D/8
181 142 D/9
182 143 D/A
183 144 E/2
184 145 E/3
185 146 E/4
186 147 E/5
187 148 E/6
188 149 E/7
189 150 E/8
190 151 E/9
191 152 E/A
192 153 F/2
193 154 F/3
194 155 F/4
195 156 F/5
196 157 F/6
197 158 F/7
198 159 F/8
199 160 F/9
200 161 F/A
