74996 500
82
34
68
200
238
248
156
216
224
28
10
190
62
54
122
82
290
184
54
72
282
108
4
6
284
164
42
232
136
190
94
252
142
276
138
224
34
98
170
288
106
222
244
66
246
28
282
122
106
236
94
88
224
114
174
218
46
282
158
56
32
70
280
84
276
212
80
184
128
296
292
210
280
258
140
100
12
102
186
196
258
46
168
8
12
280
32
52
262
116
288
78
52
146
274
176
136
264
258
82
66
130
278
216
108
60
54
112
46
72
142
190
148
44
240
258
154
246
294
24
272
180
22
72
10
34
210
248
262
104
100
200
282
248
32
260
114
82
14
174
14
274
6
66
190
118
218
16
142
276
244
92
112
260
126
136
0
82
24
10
20
118
48
274
196
66
290
282
4
100
182
172
148
140
192
42
96
198
36
68
62
168
106
98
36
76
0
76
254
34
256
86
96
266
214
42
120
34
26
128
118
232
70
102
100
298
38
112
296
6
148
116
288
118
278
4
90
170
186
186
146
174
128
106
196
0
216
36
60
292
196
262
178
196
218
14
144
144
176
284
76
58
80
214
16
82
30
176
212
222
4
168
244
210
156
292
224
172
250
166
38
84
288
132
262
96
244
102
242
298
214
252
284
178
250
124
100
220
6
38
22
276
102
78
210
146
104
170
64
170
176
152
234
114
164
64
238
108
142
178
52
258
236
84
250
110
268
98
182
124
290
120
236
6
178
246
158
92
74
158
98
74
132
98
86
190
294
32
172
110
76
164
10
168
228
2
232
242
172
226
226
110
270
206
24
16
64
190
226
12
242
116
192
164
62
188
192
244
158
122
270
100
146
232
88
118
84
78
6
148
108
220
190
198
272
126
248
244
136
136
74
10
216
82
4
50
154
128
28
48
168
148
144
118
266
40
274
194
36
154
146
40
226
236
184
70
204
160
226
254
4
98
154
150
86
248
146
244
22
162
206
264
210
286
150
262
184
284
244
172
28
200
274
220
126
148
40
140
170
166
122
220
292
34
170
200
280
88
290
48
238
50
52
188
16
104
242
232
56
186
2
268
236
228
238
104
200
174
20
252
20
214
140
130
252
154
86
216
228
18
164
272
30
74
54
148
150
254
158
256
146
40
4
224
246
292
274
122
290
250
