12
111111111111
100000000001
101111111101
101001111101
101001111101
101111111101
101111111101
101111111101
101111111101
101111111101
100000000001
111111111111
12
111111111111
100000000001
101111111101
101000000101
101000000101
101111111101
101111111101
101111111101
101111111101
101111111101
100000000001
111111111111
12
111111111111
100000000001
101111111101
101000000101
101000000101
101001100101
101001100101
101001100101
101001100101
101111111101
100000000001
111111111111

50
11111111111111111111111111111111111111111111111111
11111111111111111111111111111111111111111111111111
11111111111111111111111111111111111111111111111111
11100000000000000000000000000000000000000000000111
11100000000000000000000000000000000000000000000111
11100111111111111111111111111111111111111111100111
11100111111111111111111111111111111111111111100111
11100111111111111111111111111111111111111111100111
11100111111111111111111111111110000000000011100111
11100111111111111111111111111110000000000011100111
11100111111111111111111111111110000000000011100111
11100111111111111111111111111110000000000011100111
11100111111111111111111111111110000000000011100111
11100111111111111111111111111110000000000011100111
11100111111111111111111111111110000000000011100111
11100111111111111111111111111110000000000011100111
11100111111111111111111111111110000000000011100111
11100111111111111111111111111110000000000011100111
11100111111111111111111111111110000000000011100111
11100111111111111111111111111110000000000011100111
11100111000000000000000000000000000000000011100111
11100111000000000000000000000000000000000011100111
11100111000000000000000000000000000000000011100111
11100111000000000000000000000000000000000011100111
11100111000000000000000000000000000000000011100111
11100111000000000000000000000000000000000011100111
11100111000000000000000000000000000000000011100111
11100111000000000000000000000000000000000011100111
11100111000000000000000000000000000000000011100111
11100111000000000000000000000000000000000011100111
11100111000000000000000000000000000000000011100111
11100111111111111111111111111110000000000011100111
11100111111111111111111111111110000000000011100111
11100111111111111111111111111110000000000011100111
11100111111111111111111111111110000000000011100111
11100111111111111111111111111110000000000011100111
11100111111111111111111111111110000000000011100111
11100111111111111111111111111110000000000011100111
11100111111111111111111111111110000000000011100111
11100111111111111111111111111110000000000011100111
11100111111111111111111111111110000000000011100111
11100111111111111111111111111110000000000011100111
11100111111111111111111111111111111111111111100111
11100111111111111111111111111111111111111111100111
11100111111111111111111111111111111111111111100111
11100000000000000000000000000000000000000000000111
11100000000000000000000000000000000000000000000111
11111111111111111111111111111111111111111111111111
11111111111111111111111111111111111111111111111111
11111111111111111111111111111111111111111111111111
50
11111111111111111111111011111111111111111111110111
11111111111111111111111111111111111111111111111111
11111111111111111111111111111111111111111111111111
11100000000000000001000000000000000000000000000111
11101000000000000000000000000000000000000000000111
11100111111111111111111111101111111111111111100111
11100111111111111111111111111111110111111101100111
11100111111111111111111111111111111110111111100111
11100111000000000000000000000000001111111111100111
11100111000000000000000000000010001111101111100110
11100111000000000000000000000000001111111111100111
11100111000001000000000000000000001111111111100111
11100111000000010000000010000000001111111111100111
11100111000000000000000010000000001111111011100101
11100111000000000000000000001000001111111111100111
11100111000000001000000000000000001111111110100111
11100011000000000000000000000000000000000011100111
01100101000000000100000000000000000000000011100111
11100111000000000000010000000000000000000011100111
10100111000000000000000000000000000000000011100111
11100111000000000000000000000000000000001011100110
01100111000001000000010000000000000000100011100111
11100111000000000000000000000001000000100011100111
11100111000000000000000000000000000010000011100111
11100111000000000000000000000000100010000011110111
11100111000000000000000000000100000000000011100111
11100111000000000000000000000000000000000011100111
11100101000000000000000000000000000000010011100111
11100111000000000000000000000100000000000011110111
11100111011000000000000000000000000000000011100111
11100111000001000000000000000000000000000011100111
11100101000000000000000000000000001000000011100111
11100111000000000000000000000000000000000011000111
11100111000000000000000010000010000000001011100111
10100111000000010000000000000000000000000011100111
11100111000100100000000000000000000000000011100111
11100101010001000000000000000000000000000001100111
11100111000000000000000000000000000000000011100111
11100111000000000000000000000000000000000011100111
11100111000000000000000000000000000000000011100111
11100111000000100100000000000000000000000011100111
11100111000000000000001000000000000000000011100111
11100111111111101111111111111111111111111111100111
11100111111110111111111111111110101111111111100111
11100111111101111111111111111111110111111111100111
11100000000000000000000000000000000001000000000111
11100000000000000000000000000010000000000000000111
10111111111111111111111111111111111111111111111111
11111111111111111111111111111111111101111111111111
11111111111111111111111111111111111111111111111111

12
111111111111
100000000001
101111111101
101001111101
101001111101
101111111101
101111111101
101111111101
101111111101
101111111101
100000000001
111111111111
12
111111111111
100000000001
101111111101
101000000101
101000000101
101111111101
101111111101
101111111101
101111111101
101111111101
100000000001
111111111111
12
111111111111
100000000001
101111111101
101000000101
101000000101
101001100101
101001100101
101001100101
101001100101
101111111101
100000000001
111111111111

50
11111111111111111111111111111111111111111111111111
11111111111111111111111111111111111111111111111111
11111111111111111111111111111111111111111111111111
11100000000000000000000000000000000000000000000111
11100000000000000000000000000000000000000000000111
11100111111111111111111111111111111111111111100111
11100111111111111111111111111111111111111111100111
11100111111111111111111111111111111111111111100111
11100111111111111111111111111110000000000011100111
11100111111111111111111111111110000000000011100111
11100111111111111111111111111110000000000011100111
11100111111111111111111111111110000000000011100111
11100111111111111111111111111110000000000011100111
11100111111111111111111111111110000000000011100111
11100111111111111111111111111110000000000011100111
11100111111111111111111111111110000000000011100111
11100111111111111111111111111110000000000011100111
11100111111111111111111111111110000000000011100111
11100111111111111111111111111110000000000011100111
11100111111111111111111111111110000000000011100111
11100111000000000000000000000000000000000011100111
11100111000000000000000000000000000000000011100111
11100111000000000000000000000000000000000011100111
11100111000000000000000000000000000000000011100111
11100111000000000000000000000000000000000011100111
11100111000000000000000000000000000000000011100111
11100111000000000000000000000000000000000011100111
11100111000000000000000000000000000000000011100111
11100111000000000000000000000000000000000011100111
11100111000000000000000000000000000000000011100111
11100111000000000000000000000000000000000011100111
11100111111111111111111111111110000000000011100111
11100111111111111111111111111110000000000011100111
11100111111111111111111111111110000000000011100111
11100111111111111111111111111110000000000011100111
11100111111111111111111111111110000000000011100111
11100111111111111111111111111110000000000011100111
11100111111111111111111111111110000000000011100111
11100111111111111111111111111110000000000011100111
11100111111111111111111111111110000000000011100111
11100111111111111111111111111110000000000011100111
11100111111111111111111111111110000000000011100111
11100111111111111111111111111111111111111111100111
11100111111111111111111111111111111111111111100111
11100111111111111111111111111111111111111111100111
11100000000000000000000000000000000000000000000111
11100000000000000000000000000000000000000000000111
11111111111111111111111111111111111111111111111111
11111111111111111111111111111111111111111111111111
11111111111111111111111111111111111111111111111111
50
11111111111111111111111011111111111111111111110111
11111111111111111111111111111111111111111111111111
11111111111111111111111111111111111111111111111111
11100000000000000001000000000000000000000000000111
11101000000000000000000000000000000000000000000111
11100111111111111111111111101111111111111111100111
11100111111111111111111111111111110111111101100111
11100111111111111111111111111111111110111111100111
11100111000000000000000000000000001111111111100111
11100111000000000000000000000010001111101111100110
11100111000000000000000000000000001111111111100111
11100111000001000000000000000000001111111111100111
11100111000000010000000010000000001111111111100111
11100111000000000000000010000000001111111011100101
11100111000000000000000000001000001111111111100111
11100111000000001000000000000000001111111110100111
11100011000000000000000000000000000000000011100111
01100101000000000100000000000000000000000011100111
11100111000000000000010000000000000000000011100111
10100111000000000000000000000000000000000011100111
11100111000000000000000000000000000000001011100110
01100111000001000000010000000000000000100011100111
11100111000000000000000000000001000000100011100111
11100111000000000000000000000000000010000011100111
11100111000000000000000000000000100010000011110111
11100111000000000000000000000100000000000011100111
11100111000000000000000000000000000000000011100111
11100101000000000000000000000000000000010011100111
11100111000000000000000000000100000000000011110111
11100111011000000000000000000000000000000011100111
11100111000001000000000000000000000000000011100111
11100101000000000000000000000000001000000011100111
11100111000000000000000000000000000000000011000111
11100111000000000000000010000010000000001011100111
10100111000000010000000000000000000000000011100111
11100111000100100000000000000000000000000011100111
11100101010001000000000000000000000000000001100111
11100111000000000000000000000000000000000011100111
11100111000000000000000000000000000000000011100111
11100111000000000000000000000000000000000011100111
11100111000000100100000000000000000000000011100111
11100111000000000000001000000000000000000011100111
11100111111111101111111111111111111111111111100111
11100111111110111111111111111110101111111111100111
11100111111101111111111111111111110111111111100111
11100000000000000000000000000000000001000000000111
11100000000000000000000000000010000000000000000111
10111111111111111111111111111111111111111111111111
11111111111111111111111111111111111101111111111111
11111111111111111111111111111111111111111111111111

12
111111111111
100000000001
101111111101
101001111101
101001111101
101111111101
101111111101
101111111101
101111111101
101111111101
100000000001
111111111111
12
111111111111
100000000001
101111111101
101000000101
101000000101
101111111101
101111111101
101111111101
101111111101
101111111101
100000000001
111111111111
12
111111111111
100000000001
101111111101
101000000101
101000000101
101001100101
101001100101
101001100101
101001100101
101111111101
100000000001
111111111111

50
11111111111111111111111111111111111111111111111111
11111111111111111111111111111111111111111111111111
11111111111111111111111111111111111111111111111111
11100000000000000000000000000000000000000000000111
11100000000000000000000000000000000000000000000111
11100111111111111111111111111111111111111111100111
11100111111111111111111111111111111111111111100111
11100111111111111111111111111111111111111111100111
11100111111111111111111111111110000000000011100111
11100111111111111111111111111110000000000011100111
11100111111111111111111111111110000000000011100111
11100111111111111111111111111110000000000011100111
11100111111111111111111111111110000000000011100111
11100111111111111111111111111110000000000011100111
11100111111111111111111111111110000000000011100111
11100111111111111111111111111110000000000011100111
11100111111111111111111111111110000000000011100111
11100111111111111111111111111110000000000011100111
11100111111111111111111111111110000000000011100111
11100111111111111111111111111110000000000011100111
11100111000000000000000000000000000000000011100111
11100111000000000000000000000000000000000011100111
11100111000000000000000000000000000000000011100111
11100111000000000000000000000000000000000011100111
11100111000000000000000000000000000000000011100111
11100111000000000000000000000000000000000011100111
11100111000000000000000000000000000000000011100111
11100111000000000000000000000000000000000011100111
11100111000000000000000000000000000000000011100111
11100111000000000000000000000000000000000011100111
11100111000000000000000000000000000000000011100111
11100111111111111111111111111110000000000011100111
11100111111111111111111111111110000000000011100111
11100111111111111111111111111110000000000011100111
11100111111111111111111111111110000000000011100111
11100111111111111111111111111110000000000011100111
11100111111111111111111111111110000000000011100111
11100111111111111111111111111110000000000011100111
11100111111111111111111111111110000000000011100111
11100111111111111111111111111110000000000011100111
11100111111111111111111111111110000000000011100111
11100111111111111111111111111110000000000011100111
11100111111111111111111111111111111111111111100111
11100111111111111111111111111111111111111111100111
11100111111111111111111111111111111111111111100111
11100000000000000000000000000000000000000000000111
11100000000000000000000000000000000000000000000111
11111111111111111111111111111111111111111111111111
11111111111111111111111111111111111111111111111111
11111111111111111111111111111111111111111111111111
50
11111111111111111111111011111111111111111111110111
11111111111111111111111111111111111111111111111111
11111111111111111111111111111111111111111111111111
11100000000000000001000000000000000000000000000111
11101000000000000000000000000000000000000000000111
11100111111111111111111111101111111111111111100111
11100111111111111111111111111111110111111101100111
11100111111111111111111111111111111110111111100111
11100111000000000000000000000000001111111111100111
11100111000000000000000000000010001111101111100110
11100111000000000000000000000000001111111111100111
11100111000001000000000000000000001111111111100111
11100111000000010000000010000000001111111111100111
11100111000000000000000010000000001111111011100101
11100111000000000000000000001000001111111111100111
11100111000000001000000000000000001111111110100111
11100011000000000000000000000000000000000011100111
01100101000000000100000000000000000000000011100111
11100111000000000000010000000000000000000011100111
10100111000000000000000000000000000000000011100111
11100111000000000000000000000000000000001011100110
01100111000001000000010000000000000000100011100111
11100111000000000000000000000001000000100011100111
11100111000000000000000000000000000010000011100111
11100111000000000000000000000000100010000011110111
11100111000000000000000000000100000000000011100111
11100111000000000000000000000000000000000011100111
11100101000000000000000000000000000000010011100111
11100111000000000000000000000100000000000011110111
11100111011000000000000000000000000000000011100111
11100111000001000000000000000000000000000011100111
11100101000000000000000000000000001000000011100111
11100111000000000000000000000000000000000011000111
11100111000000000000000010000010000000001011100111
10100111000000010000000000000000000000000011100111
11100111000100100000000000000000000000000011100111
11100101010001000000000000000000000000000001100111
11100111000000000000000000000000000000000011100111
11100111000000000000000000000000000000000011100111
11100111000000000000000000000000000000000011100111
11100111000000100100000000000000000000000011100111
11100111000000000000001000000000000000000011100111
11100111111111101111111111111111111111111111100111
11100111111110111111111111111110101111111111100111
11100111111101111111111111111111110111111111100111
11100000000000000000000000000000000001000000000111
11100000000000000000000000000010000000000000000111
10111111111111111111111111111111111111111111111111
11111111111111111111111111111111111101111111111111
11111111111111111111111111111111111111111111111111



