13 55
4 7
2 9
3 8
2 5
3 12
6 9
3 7
3 9
3 10
2 3
9 11
1 4
4 8
9 13
2 11
5 7
5 12
2 10
12 13
1 13
4 6
1 6
4 5
1 12
7 12
8 11
5 8
2 13
1 11
10 13
7 10
9 10
3 6
3 11
11 13
7 11
6 12
10 12
1 10
7 13
4 12
5 9
6 10
6 7
8 10
10 11
3 5
9 12
4 13
3 13
3 4
2 8
5 10
1 2
7 8
13 22
7 12
3 7
6 8
2 4
3 4
8 10
8 9
9 10
5 6
7 8
1 6
5 12
4 12
2 8
3 13
2 7
1 12
4 9
8 13
7 13
5 10
4 8
13 53
1 3
1 10
10 13
8 9
2 10
5 11
8 11
1 5
1 13
8 13
6 8
4 10
6 12
5 9
4 7
2 13
4 13
1 7
3 4
6 7
3 6
7 13
3 13
3 9
4 11
9 12
4 8
4 6
2 3
2 9
10 12
1 12
4 9
4 12
2 6
3 5
2 11
5 8
1 6
7 9
4 5
11 13
7 11
7 10
3 7
5 6
1 9
7 8
3 12
2 12
3 11
8 12
3 8
13 67
4 9
1 12
9 11
4 10
1 3
3 12
3 4
3 13
1 7
4 8
6 11
6 8
5 12
3 6
5 8
9 12
7 10
8 10
2 9
10 13
5 11
4 6
1 6
7 13
1 5
3 11
9 13
1 9
11 12
3 9
6 12
4 11
2 4
8 9
3 7
2 13
10 11
7 9
1 10
5 6
8 12
5 13
7 11
8 13
6 9
4 12
5 10
4 7
1 13
2 8
9 10
5 7
11 13
1 11
2 3
3 8
3 10
10 12
12 13
2 10
6 13
2 11
4 13
7 8
7 12
5 9
6 10
13 69
11 13
5 6
4 6
5 12
6 8
7 13
6 7
3 8
9 12
4 5
10 11
8 10
4 12
6 11
9 13
2 5
7 8
2 7
2 6
6 12
11 12
3 12
4 10
3 11
10 12
3 10
9 11
1 11
1 5
7 12
4 8
2 4
7 9
1 6
12 13
4 7
8 9
9 10
6 9
5 10
5 8
2 12
3 6
1 12
2 11
2 8
3 4
5 7
7 11
3 9
4 11
3 7
1 10
5 11
4 9
1 13
8 12
6 13
3 13
1 3
5 9
2 3
1 7
8 13
3 5
1 8
2 10
1 4
2 13
13 53
6 13
6 7
10 12
1 3
7 8
2 7
11 12
3 6
4 8
5 12
9 12
9 10
4 7
7 11
2 4
1 6
5 8
5 13
4 13
4 11
7 13
2 9
4 5
10 11
5 7
3 4
5 11
1 4
4 12
3 12
1 9
8 10
3 7
2 5
1 7
8 13
6 10
3 5
2 3
3 13
1 11
2 11
4 9
10 13
9 11
8 11
3 11
6 12
6 11
3 9
2 13
6 9
2 6
13 40
6 8
3 13
2 13
2 4
1 13
2 10
1 3
7 8
4 10
10 12
2 12
2 11
3 10
9 10
12 13
3 5
5 11
9 13
3 4
7 12
2 9
10 13
9 11
5 7
4 11
7 13
3 12
11 12
4 7
6 10
11 13
3 8
4 6
3 9
8 13
4 13
1 12
1 6
1 10
5 8
13 75
2 8
3 12
4 8
10 13
1 4
5 13
8 13
5 7
4 5
2 4
4 10
5 10
7 8
4 6
2 6
3 8
4 12
5 11
6 12
3 7
2 13
1 10
3 13
1 9
4 13
9 13
12 13
6 11
9 11
8 12
1 6
3 4
9 12
5 8
11 12
4 9
6 8
1 13
2 11
7 12
3 6
8 11
7 11
6 9
6 7
1 8
7 9
3 11
5 9
1 12
7 13
11 13
10 12
4 11
6 10
2 9
5 6
2 7
3 10
1 5
10 11
1 7
3 9
2 10
4 7
6 13
5 12
8 10
2 12
7 10
2 5
1 11
8 9
2 3
3 5
13 18
4 12
1 10
2 12
1 3
6 10
12 13
6 12
2 3
1 11
2 8
11 13
3 5
8 9
7 12
2 11
5 6
3 12
3 9
13 25
5 13
1 6
1 9
4 7
8 9
10 13
1 5
7 8
8 13
1 3
4 8
1 12
7 11
9 10
7 13
6 13
5 10
8 11
3 9
1 13
10 12
2 13
5 11
2 3
5 7
0 0
