30 419
5 21
4 17
13 23
13 27
21 28
18 20
8 26
8 25
16 17
3 11
12 14
4 10
2 4
13 22
9 13
21 23
1 11
9 26
7 24
11 27
7 22
18 22
18 21
5 8
1 21
15 19
4 23
10 26
1 16
8 14
12 18
2 25
13 26
4 12
4 15
1 20
10 18
6 7
1 13
9 10
11 26
10 23
4 22
9 17
16 29
3 30
21 25
11 16
2 24
12 21
26 27
8 11
13 17
11 12
7 27
9 20
9 18
2 11
18 23
4 18
17 30
5 24
1 10
4 11
6 25
22 24
15 21
6 27
15 20
11 22
8 21
14 28
28 29
4 13
6 30
8 29
3 10
1 28
3 8
6 13
10 25
2 12
14 21
19 25
8 17
17 28
10 19
5 30
12 29
7 13
12 20
22 23
9 23
19 24
11 25
19 21
18 24
24 25
8 30
4 6
7 23
14 19
10 27
7 17
25 29
12 27
3 17
11 30
11 15
19 30
14 15
2 29
5 13
23 25
17 22
8 20
16 18
7 16
3 13
12 16
1 26
3 29
7 18
3 19
8 28
21 29
4 19
14 16
23 27
16 19
5 16
8 23
2 7
1 23
20 25
15 27
2 13
20 28
18 30
1 24
23 29
3 14
4 28
1 7
18 26
8 22
19 23
1 6
22 29
4 29
5 29
16 27
4 21
13 21
5 26
5 11
14 29
18 29
4 16
8 12
10 28
21 30
9 19
14 26
8 19
23 28
5 7
24 29
2 28
13 14
15 29
2 30
3 26
2 16
23 26
15 22
14 27
9 25
2 6
27 28
4 14
2 18
15 24
21 26
19 20
17 29
1 12
11 20
13 25
1 9
10 11
1 3
27 29
18 25
7 20
11 14
14 23
13 15
16 24
3 18
14 22
10 12
5 22
18 27
2 17
6 11
12 13
9 21
26 30
12 19
22 27
19 26
13 20
19 29
2 15
13 19
11 23
26 28
13 16
8 24
12 26
4 24
9 28
5 12
3 22
7 21
16 25
14 30
17 26
6 26
4 25
16 28
25 30
3 6
5 23
2 5
6 17
9 27
12 22
4 30
7 9
6 10
7 30
20 21
24 27
2 10
7 29
14 20
6 24
13 24
9 22
15 25
1 29
1 19
22 26
2 3
7 25
3 28
10 15
11 29
20 26
19 22
6 15
11 24
2 8
9 11
7 11
5 14
11 28
4 7
6 12
3 21
12 17
4 26
1 2
6 20
20 29
3 5
20 30
3 12
3 4
2 27
11 17
4 20
17 27
12 25
6 22
5 28
23 30
5 25
10 29
3 25
1 17
3 24
13 29
9 30
4 27
15 26
9 12
10 13
8 27
10 14
26 29
9 29
6 28
1 5
1 27
23 24
6 16
19 27
10 20
12 30
11 13
16 23
22 28
6 19
13 28
6 9
12 28
12 23
1 30
12 24
8 13
17 19
20 22
7 28
7 10
24 26
24 28
7 12
3 27
6 8
4 8
7 14
21 24
5 10
13 30
16 20
1 14
8 10
10 17
24 30
10 30
2 19
2 23
2 22
1 18
22 25
17 23
8 9
7 8
11 21
4 5
3 16
6 29
27 30
1 8
25 27
19 28
5 19
20 23
1 15
3 20
18 19
8 16
2 20
14 17
10 21
8 15
6 18
3 9
1 22
2 21
6 21
10 16
17 24
8 18
10 22
6 14
5 20
21 27
14 24
15 30
7 19
16 26
16 30
14 25
2 26
9 14
15 16
25 28
20 24
12 15
5 27
17 18
3 23
5 6
22 30
2 9
18 28
16 22
3 7
15 23
7 26
17 25
3 15
16 21
11 18
25 26
13 18
17 20
15 17
15 18
11 19
21 22
14 18
9 24
1 4
15 28
30 309
3 13
22 23
5 20
11 25
17 21
4 17
4 16
12 17
4 22
3 18
3 14
8 29
13 24
13 14
4 18
15 24
11 21
2 14
14 19
15 22
15 19
22 25
17 19
3 26
7 27
16 26
3 30
14 22
5 10
2 21
3 25
25 26
17 23
4 5
20 24
18 30
18 27
3 24
23 29
2 19
5 23
20 25
17 25
16 29
23 26
14 30
4 9
6 14
6 15
2 17
13 27
16 17
3 4
10 26
12 18
14 21
19 27
8 10
22 24
28 30
1 3
11 29
15 28
8 16
11 18
1 26
6 28
1 6
13 28
8 14
18 19
15 18
18 25
12 16
4 30
24 26
2 28
29 30
1 28
21 26
7 20
15 25
2 27
13 26
10 22
4 19
15 16
6 18
3 5
10 18
20 27
8 19
24 27
4 6
1 27
9 14
1 5
13 19
1 29
21 24
16 30
14 26
19 23
5 16
13 16
9 28
6 17
12 13
18 26
3 27
12 25
6 13
8 20
16 28
16 24
6 7
9 20
11 26
1 8
6 16
5 8
9 17
9 25
1 14
6 27
9 23
7 10
9 27
2 3
27 28
13 25
9 19
10 14
12 23
3 8
5 24
21 30
21 29
10 13
16 20
18 29
1 11
2 11
9 22
10 16
9 26
16 25
8 26
22 28
17 27
18 21
12 28
22 27
15 20
8 24
6 9
7 22
2 26
4 25
17 29
8 13
27 29
13 15
13 18
9 16
2 6
4 20
14 24
20 22
7 15
21 28
6 22
2 15
23 30
25 27
19 30
25 30
25 28
6 23
8 18
3 28
10 30
2 20
11 14
15 27
8 28
4 7
1 19
20 21
17 30
3 11
24 28
8 23
5 30
5 6
2 23
6 21
3 22
2 24
8 9
17 18
5 26
24 25
6 26
2 4
3 23
12 24
7 8
2 16
10 28
15 30
10 23
11 22
7 13
5 29
2 29
13 17
20 26
11 15
5 13
12 14
9 15
11 17
1 17
17 26
10 20
6 24
14 28
17 28
10 24
17 24
2 10
13 20
20 30
10 29
21 27
12 21
5 28
2 13
7 28
4 28
9 24
7 11
22 29
2 18
21 25
1 7
23 27
12 30
5 14
4 15
26 28
7 16
7 23
8 21
8 11
11 27
5 22
5 17
10 12
18 22
6 30
11 20
15 21
1 15
3 10
1 20
7 17
3 16
2 7
1 18
18 28
3 29
14 27
16 21
10 15
16 18
22 30
10 21
11 12
9 12
5 19
18 23
12 15
4 13
1 10
15 23
23 24
23 28
1 21
4 21
19 28
13 29
16 27
2 30
7 9
8 15
5 27
8 30
7 12
24 29
18 24
20 28
13 21
2 8
21 23
13 22
3 19
22 26
0 0
