0 0
0 0
0 0
0 0
0 0
0 0
0 0
 5,10 4,9 6,2 2,9 2,5 2,4 9,2 2,7 5,2 10,2 0
 0 0 0 0 0 0 0 0 0 0 0 0 0 0 0
 0 0 0 0 7 0 0 0 0 0 0 0 0 0 0
 0 0 0 4 5 5 2 2 6 0 0 0 0 0 0
 0 0 0 0 4 0 3 1 0 0 0 0 0 0 0
 0 0 6 0 7 0 0 2 8 0 0 0 0 0 0
 0 1 0 2 1 1 0 0 4 9 0 0 0 0 0
 0 7 0 4 0 0 3 0 1 6 0 0 0 0 0
 0 0 5 1 0 2 0 0 3 0 0 0 0 0 0
 0 0 0 1 0 0 0 0 0 0 0 0 0 0 0
 0 3 3 0 0 3 2 0 1 0 0 0 0 0 0
 0 0 0 0 0 0 1 0 0 0 0 0 0 0 0
 0 0 0 0 0 0 0 0 0 0 0 0 0 0 0
 0 0 0 0 0 0 0 0 0 0 0 0 0 0 0
 0 0 0 0 0 0 0 0 0 0 0 0 0 0 0
 0 0 0 0 0 0 0 0 0 0 0 0 0 0
 0,4 5,9 1,6 0,6 4,7 2,7 7,3 7,1 0
 0 0 0 7 0 4 0 0 0 0 0 0 0 0 0
 0 0 0 0 0 5 0 0 1 0 0 0 0 0 0
 0 0 0 0 0 0 2 1 0 0 0 0 0 0 0
 0 0 0 0 0 0 0 0 1 0 0 0 0 0 0
 0 0 0 1 0 0 3 0 0 0 0 0 0 0 0
 0 0 0 0 0 0 0 0 6 0 0 0 0 0 0
 0 0 0 2 0 0 0 1 0 6 0 0 0 0 0
 0 0 1 0 0 0 0 0 0 0 0 0 0 0 0
 0 0 0 0 0 0 0 0 0 0 0 0 0 0 0
 0 0 0 0 0 0 1 0 0 0 0 0 0 0 0
 0 0 0 0 0 0 0 0 0 0 0 0 0 0 0
 0 0 0 0 0 0 0 0 0 0 0 0 0 0 0
 0 0 0 0 0 0 0 0 0 0 0 0 0 0 0
 0 0 0 0 0 0 0 0 0 0 0 0 0 0 0
 0 0 0 0 0 0 0 0 0 0 0 0 0 0
 1,5 0
 0 0 0 0 0 0 0 0 0 0 0 0 0 0 0
 0 0 0 0 0 0 0 0 0 0 0 0 0 0 0
 0 0 0 0 0 0 0 0 0 0 0 0 0 0 0
 0 0 0 0 0 0 0 0 0 0 0 0 0 0 0
 0 0 0 0 0 0 0 0 0 0 0 0 0 0 0
 0 0 0 0 0 0 0 0 0 0 0 0 0 0 0
 0 0 0 0 0 0 0 0 0 0 0 0 0 0 0
 0 0 0 0 0 0 0 0 0 0 0 0 0 0 0
 0 0 0 0 0 0 0 0 0 0 0 0 0 0 0
 0 0 0 0 0 0 0 0 0 0 0 0 0 0 0
 0 0 0 0 0 0 0 0 0 0 0 0 0 0 0
 0 0 0 0 0 0 0 0 0 0 0 0 0 0 0
 0 0 0 0 0 0 0 0 0 0 0 0 0 0 0
 0 0 0 0 0 0 0 0 0 0 0 0 0 0 0
 0 0 0 0 0 0 0 0 0 0 0 0 0 0
 0
 0 0 0 0 0 0 0 0 0 0 0 0 0 0 0
 0 0 0 0 0 0 0 0 0 0 0 0 0 0 0
 0 0 0 0 0 0 0 0 0 0 0 0 0 0 0
 0 0 0 0 0 0 0 0 0 0 0 0 0 0 0
 0 0 0 0 0 0 0 0 0 0 0 0 0 0 0
 0 0 0 0 0 0 0 0 0 0 0 0 0 0 0
 0 0 0 0 0 0 0 0 0 0 0 0 0 0 0
 0 0 0 0 0 0 0 0 0 0 0 0 0 0 0
 0 0 0 0 0 0 0 0 0 0 0 0 0 0 0
 0 0 0 0 0 0 0 0 0 0 0 0 0 0 0
 0 0 0 0 0 0 0 0 0 0 0 0 0 0 0
 0 0 0 0 0 0 0 0 0 0 0 0 0 0 0
 0 0 0 0 0 0 0 0 0 0 0 0 0 0 0
 0 0 0 0 0 0 0 0 0 0 0 0 0 0 0
 0 0 0 0 0 0 0 0 0 0 0 0 0 0
 9,5 10,8 10,7 11,5 5,11 9,7 11,7 7,3 5,9 4,9 2,9 0
 0 0 0 0 0 0 0 0 0 0 0 0 0 0 0
 0 0 0 0 0 2 3 0 0 2 3 0 0 0 0
 0 0 0 0 0 0 0 0 0 0 0 0 0 0 0
 4 5 0 3 4 5 0 0 0 0 0 0 0 0 0
 0 0 0 0 1 0 0 0 1 0 0 0 0 0 0
 0 0 0 0 0 0 0 1 2 0 6 0 0 0 0
 0 0 0 7 5 0 0 0 0 0 0 0 0 0 0
 0 2 3 4 0 0 0 0 6 0 0 0 0 0 0
 0 0 0 1 2 0 0 0 2 0 0 0 0 0 0
 0 0 0 0 10 0 5 0 0 0 0 0 0 0 0
 0 0 0 6 3 0 8 9 0 0 0 0 0 0 0
 0 0 0 8 7 1 4 0 0 0 0 0 0 0 0
 0 0 0 0 0 3 0 0 0 0 0 0 0 0 0
 0 0 0 0 0 4 0 0 0 0 0 0 0 0 0
 0 0 0 0 0 0 0 0 0 0 0 0 0 0
 7,9 9,7 0
 0 0 0 0 0 0 0 0 0 0 0 0 0 0 0
 0 0 0 0 0 5 0 0 0 0 0 1 1 0 0
 0 0 1 0 0 0 0 0 0 0 0 0 0 0 1
 1 0 0 0 0 0 0 0 0 0 0 0 0 0 0
 0 0 0 0 0 0 0 0 2 0 0 0 0 0 0
 0 0 0 0 0 0 0 0 0 0 0 0 0 0 0
 3 0 0 0 0 0 0 0 0 0 1 1 0 0 0
 0 0 0 0 0 0 0 0 1 0 0 0 0 0 0
 0 0 1 0 0 0 0 0 0 0 0 0 0 0 0
 0 0 0 0 0 1 0 0 0 0 0 0 0 0 0
 0 0 1 0 0 0 0 0 0 0 0 0 0 0 0
 0 0 0 0 0 3 0 0 0 0 0 0 0 0 0
 0 0 0 0 0 1 2 0 0 0 0 0 0 0 0
 0 0 0 0 0 0 0 2 0 0 0 0 0 0 0
 0 0 0 0 0 0 0 0 0 0 0 0 0 0
 0
 0 0 0 0 0 0 0 0 0 0 0 0 0 0 0
 0 0 0 0 0 0 0 0 0 0 0 0 0 0 0
 0 0 0 0 0 0 0 0 0 0 0 0 0 0 0
 0 0 0 0 0 0 0 0 0 0 0 0 0 0 0
 0 0 0 0 0 0 0 0 0 0 0 0 0 0 0
 0 0 0 0 0 0 0 0 0 0 0 0 0 0 0
 0 0 0 0 0 0 0 0 0 0 0 0 0 0 0
 0 0 0 0 0 0 0 0 0 0 0 0 0 0 0
 0 0 0 0 0 0 0 0 0 0 0 0 0 0 0
 0 0 0 0 0 0 0 0 0 0 0 0 0 0 0
 0 0 0 0 0 0 0 0 0 0 0 0 0 0 0
 0 0 0 0 0 0 0 0 0 0 0 0 0 0 0
 0 0 0 0 0 0 0 0 0 0 0 0 0 0 0
 0 0 0 0 0 0 0 0 0 0 0 0 0 0 0
 0 0 0 0 0 0 0 0 0 0 0 0 0 0
 0
 0 0 0 0 0 0 0 0 0 0 0 0 0 0 0
 0 0 0 0 0 0 0 0 0 0 0 0 0 0 0
 0 0 0 0 0 0 0 0 0 0 0 0 0 0 0
 0 0 0 0 0 0 0 0 0 0 0 0 0 0 0
 0 0 0 0 0 0 0 0 0 0 0 0 0 0 0
 0 0 0 0 0 0 0 0 0 0 0 0 0 0 0
 0 0 0 0 0 0 0 0 0 0 0 0 0 0 0
 0 0 0 0 0 0 0 0 0 0 0 0 0 0 0
 0 0 0 0 0 0 0 0 0 0 0 0 0 0 0
 0 0 0 0 0 0 0 0 0 0 0 0 0 0 0
 0 0 0 0 0 0 0 0 0 0 0 0 0 0 0
 0 0 0 0 0 0 0 0 0 0 0 0 0 0 0
 0 0 0 0 0 0 0 0 0 0 0 0 0 0 0
 0 0 0 0 0 0 0 0 0 0 0 0 0 0 0
 0 0 0 0 0 0 0 0 0 0 0 0 0 256
(7,7)
(8,6)
(6,6)
(8,8)
(7,5)
(8,5)
(8,7)
(8,4)
(5,7)
(6,7)
(4,8)
(3,9)
(5,5)
(7,6)
(4,4)
(3,3)
(5,8)
(5,6)
(4,6)
(8,3)
(8,2)
(9,4)
(10,3)
(6,4)
(7,4)
(4,5)
(7,8)
(3,4)
(2,3)
(3,5)
(3,6)
(10,5)
(3,8)
(6,8)
(2,8)
(1,8)
(3,7)
(1,9)
(7,2)
(1,10)
(1,7)
(11,6)
(12,7)
(3,2)
(3,1)
(1,12)
(1,11)
(6,9)
(2,6)
(10,6)
(9,6)
(6,10)
(6,11)
