-- 11
1           
1 1 1       
    1       
    1 1 1   
        1   
        1 1 
19	0 / 1196
(0,0)   (0,0)   (0,0)   (0,0)   (0,0)   (0,0)   (0,0)   (0,0)   (0,0)   (0,0)   (0,0)   (0,0)   (0,0)   (0,0)   (0,0)   (0,0)   (0,0)   (0,0)   (0,0)*
-- 52
2 2 1   2 4 
    1 1 3   
4 1 1 2 1 3 
      2 1 1 
  2 2 2 2   
2 3 1 1 3 2 
! 18
4 3
-- 56
2 2 2   2 4 
      3 4   
4 3       4 
      4   2 
  2   3 3   
2 3 1 1 3 2 
4 2
-- 56
2 2 2   2 4 
      3 4   
4 3       4 
      3   1 
  2 4 2 2   
2 3 1 1 3 2 
3 4
-- 56
2 2 2   2 4 
      3 4   
4 2       4 
      3 2 1 
  2 3 2 2   
2 3 1 1 3 2 
2 4
-- 53
2 2 2   2 4 
      3 3   
4 2     2 3 
      2 1 1 
  2 2 2 2   
2 3 1 1 3 2 
2 3
-- 51
2 2 1   2 4 
      1 3   
4 1   3 1 3 
      2 1 1 
  2 2 2 2   
2 3 1 1 3 2 
1 2
-- 52
2 2 1   2 4 
    2 1 3   
4 1   2 1 3 
      2 1 1 
  2 2 2 2   
2 3 1 1 3 2 
! 17
5 3
-- 44
2 2 2   4 4 
            
4 4       4 
          3 
            
2 4 2 4   3 
1 3
-- 54
2 2 1   2 4 
    3 3 4   
4 3       4 
          3 
  4         
2 3 2 2 4 2 
4 2
-- 54
2 2 1   2 4 
    2 2 3   
4 2       3 
          3 
  2 3 4 3   
2 3 1 1 3 2 
2 4
-- 57
2 2 1   2 4 
    2 2 3   
4 2     4 3 
          3 
  2 2 4 3   
2 3 1 1 3 2 
2 2
-- 54
2 2 1   2 4 
    1 2 3   
4 1 2   3 3 
          2 
  2 2 3 3   
2 3 1 1 3 2 
2 3
-- 53
2 2 1   2 4 
    1 1 3   
4 1 1 3 2 3 
          2 
  2 2 2 3   
2 3 1 1 3 2 
3 3
-- 55
2 2 1   2 4 
    1 1 3   
4 1 1 2 2 3 
      3   2 
  2 2 2 3   
2 3 1 1 3 2 
17	0 / 2829151
(5,3)   (1,3)   (1,3)   (4,2)   (4,2)   (2,4)   (2,2)   (2,2)   (2,2)   
(2,3)   (2,3)   (3,3)   (3,3)   (3,4)   (3,4)   (3,4)   (3,4)*
-- 52
2 2 1   2 4 
    1 1 3   
4 1 1 2 1 3 
      2 1 1 
  2 2 2 2   
2 3 1 1 3 2 
! 18
4 3
-- 56
2 2 2   2 4 
      3 4   
4 3       4 
      4   2 
  2   3 3   
2 3 1 1 3 2 
4 2
-- 56
2 2 2   2 4 
      3 4   
4 3       4 
      3   1 
  2 4 2 2   
2 3 1 1 3 2 
3 4
-- 56
2 2 2   2 4 
      3 4   
4 2       4 
      3 2 1 
  2 3 2 2   
2 3 1 1 3 2 
2 4
-- 53
2 2 2   2 4 
      3 3   
4 2     2 3 
      2 1 1 
  2 2 2 2   
2 3 1 1 3 2 
2 3
-- 51
2 2 1   2 4 
      1 3   
4 1   3 1 3 
      2 1 1 
  2 2 2 2   
2 3 1 1 3 2 
1 2
-- 52
2 2 1   2 4 
    2 1 3   
4 1   2 1 3 
      2 1 1 
  2 2 2 2   
2 3 1 1 3 2 
! 17
5 3
-- 44
2 2 2   4 4 
            
4 4       4 
          3 
            
2 4 2 4   3 
1 3
-- 54
2 2 1   2 4 
    3 3 4   
4 3       4 
          3 
  4         
2 3 2 2 4 2 
4 2
-- 54
2 2 1   2 4 
    2 2 3   
4 2       3 
          3 
  2 3 4 3   
2 3 1 1 3 2 
2 4
-- 57
2 2 1   2 4 
    2 2 3   
4 2     4 3 
          3 
  2 2 4 3   
2 3 1 1 3 2 
2 2
-- 54
2 2 1   2 4 
    1 2 3   
4 1 2   3 3 
          2 
  2 2 3 3   
2 3 1 1 3 2 
2 3
-- 53
2 2 1   2 4 
    1 1 3   
4 1 1 3 2 3 
          2 
  2 2 2 3   
2 3 1 1 3 2 
3 3
-- 55
2 2 1   2 4 
    1 1 3   
4 1 1 2 2 3 
      3   2 
  2 2 2 3   
2 3 1 1 3 2 
17	0 / 5657106
(5,3)   (1,3)   (1,3)   (4,2)   (4,2)   (2,4)   (2,2)   (2,2)   (2,2)   (2,3)   (2,3)   (3,3)   (3,3)   (3,4)   (3,4)   (3,4)   (3,4)*
-- 11
1         1 
          1 
    1       
      1   1 
    1   1   
1 1 1       
19	0 / 5658668
(0,0)   (4,3)   (5,3)   (1,3)   (1,3)   (4,2)   (4,2)   (2,4)   (2,2)   (2,2)   (2,2)   (2,3)   (2,3)   (3,3)   (3,3)   (3,4)   (3,4)   (3,4)   (3,4)*
-- 19
            
            
            
3 3 4 4 4 1 
            
            
! 10
3 5
-- 2
            
            
            
          2 
            
            
! 9
3 5
-- 3
            
            
            
          3 
            
            
! 8
3 5
-- 4
            
            
            
          4 
            
            
3 0
-- 5
            
            
            
4         1 
            
            
! 7
3 5
-- 4
            
            
            
          4 
            
            
3 1
-- 12
            
            
            
3 4     4 1 
            
            
! 6
3 5
-- 4
            
            
            
          4 
            
            
! 5
3 1
-- 7
            
            
            
3 4         
            
            
! 4
3 5
-- 8
            
            
            
3 3       2 
            
            
! 3
3 0
-- 6
            
            
            
4         2 
            
            
! 2
3 1
-- 9
            
            
            
3 4       2 
            
            
2	0 / 5658716
(3,1)   (3,3)*
-- 36
1 1 1 1 1 1 
1 1 1 1 1 1 
1 1 1 1 1 1 
1 1 1 1 1 1 
1 1 1 1 1 1 
1 1 1 1 1 1 
19	0 / 5826262
(0,0)   (4,3)   (5,3)   (1,3)   (1,3)   (4,2)   (4,2)   (2,4)   (2,2)   (3,5)   (3,5)   (3,5)   (3,5)   (3,5)   (3,1)   (3,5)   (3,0)   (3,1)   (3,3)*
-- 67
3 2 2 3   4 
2 3   1   1 
3 1   2 3   
  1 2 4 3 2 
  3 4 4 1 2 
  2 2 3 3 1 
! 18
1 1
-- 54
3 2   3   4 
2 4       1 
3       4   
  2     3 2 
  3   4 1 2 
  2 2 3 3 1 
! 17
1 3
-- 61
3 2   3   4 
2 3   2   1 
3       3   
  1   4 3 2 
  3 4 4 1 2 
  2 2 3 3 1 
! 16
1 1
-- 52
3 2   3   4 
2 4   2   1 
3           
  2     3 2 
  3   4 1 2 
  2 2 3 3 1 
2 4
-- 62
3 2   3   4 
2 3   2   1 
3       4   
  1   4 3 2 
  3 4 4 1 2 
  2 2 3 3 1 
! 15
3 4
-- 61
3 3   4   4 
2 4   2   1 
4       4   
  3     4 2 
  3   4 1 2 
  2 2 3 3 1 
0 2
-- 63
3 2 3 3   4 
2 3   1   1 
3       3   
  1   4 3 2 
  3 4 4 1 2 
  2 2 3 3 1 
! 14
1 1
-- 55
3 2 3 3   4 
2 4   2   1 
3           
  2     3 2 
  3   4 1 2 
  2 2 3 3 1 
2 4
-- 65
3 2 3 3   4 
2 3   2   1 
3       4   
  1   4 3 2 
  3 4 4 1 2 
  2 2 3 3 1 
! 13
3 4
-- 62
3 2 3 3   4 
2 4   2   1 
4       4   
  3     4 2 
  3   4 1 2 
  2 2 3 3 1 
2 1
-- 64
3 2 2 3   4 
2 3   1   1 
3 2     3   
  1   4 3 2 
  3 4 4 1 2 
  2 2 3 3 1 
! 12
4 4
-- 58
3 3   4   4 
2 3   3   1 
3 3         
  3       3 
  4     4 2 
  2 3 4 3 1 
0 2
-- 65
3 2 3 3   4 
2 3   1   1 
3 2     3   
  1   4 3 2 
  3 4 4 1 2 
  2 2 3 3 1 
! 11
5 4
-- 52
3 3   4   4 
2 4   4   1 
4           
          4 
          3 
  4 3 4 4 1 
2 4
-- 67
3 2 3 3   4 
2 3   2   1 
3 2     4   
  1   4 3 2 
  3 4 4 1 2 
  2 2 3 3 1 
! 10
4 5
-- 52
3 3   4   4 
2 4   4   1 
4           
          3 
          4 
  4 3 4 4 1 
3 2
-- 66
3 2 2 3   4 
2 3   1   1 
3 1     3   
  1 3 4 3 2 
  3 4 4 1 2 
  2 2 3 3 1 
! 9
3 2
-- 60
3 2 3 3   4 
2 3   2   1 
3 2     4   
  1 4     2 
  3 4   1 2 
  2 2 3 3 1 
3 4
-- 67
3 2 3 3   4 
2 3   2   1 
3 2     4   
  1 3   4 2 
  3 4 4 1 2 
  2 2 3 3 1 
2 3
-- 68
3 2 2 3   4 
2 3   1   1 
3 1   3 3   
  1 2 4 3 2 
  3 4 4 1 2 
  2 2 3 3 1 
! 8
1 1
-- 46
3 2 4 4   4 
2 4       3 
3 3         
  2         
  4       3 
  3       2 
3 2
-- 53
3 2 2 3   4 
2 3   3   1 
3 2         
  1 4     4 
  3     3 2 
  2 2   3 1 
5 3
-- 60
3 2 2 3   4 
2 3   3   1 
3 2         
  1 3     4 
  3 4   3 2 
  2 2 4 3 1 
3 4
-- 60
3 2 2 3   4 
2 3   2   1 
3 1         
  1 2   4 2 
  3 4 4 1 2 
  2 2 3 3 1 
! 7
2 1
-- 52
3 2 2 3   4 
2 3   3   1 
3 3         
  1 3     3 
  3     3 2 
  2 2   3 1 
5 3
-- 59
3 2 2 3   4 
2 3   3   1 
3 2         
  1 3     3 
  3 4   3 2 
  2 2 4 3 1 
2 4
-- 67
3 2 2 3   4 
2 3   2   1 
3 1     4   
  1 2 4 3 2 
  3 4 4 1 2 
  2 2 3 3 1 
! 6
2 1
-- 51
3 2 2 3   4 
2 3   3   1 
3 3         
  2       3 
  4       2 
  2 4   4 1 
3 4
-- 62
3 2 2 3   4 
2 3   1   1 
3 1     3   
  1 2   4 2 
  3 4 4 1 2 
  2 2 3 3 1 
2 3
-- 64
3 2 2 3   4 
2 3   1   1 
3 1   3 3   
  1 2   3 2 
  3 4 4 1 2 
  2 2 3 3 1 
6	0 / 5833892
(2,1)   (2,1)   (3,4)   (2,3)   (2,3)   (3,3)*
