100
7 12 1 1
5 3 47
0 3 33
6 3 21
2 5 19
4 4 22
3 2 69
5 2 3
6 3 94
2 2 82
5 4 68
3 0 82
5 4 89
9 19 8 4
1 0 91
0 7 80
1 2 50
4 8 42
7 1 53
2 3 41
1 0 49
4 7 76
6 8 33
3 0 67
4 2 88
2 5 77
4 4 2
2 6 67
8 0 76
8 8 78
3 5 67
2 6 17
4 7 29
8 10 6 1
1 4 83
1 5 19
4 6 82
3 4 37
2 0 76
7 0 27
2 3 94
7 6 80
6 6 39
7 6 64
9 12 8 2
3 7 11
2 1 89
1 0 85
3 2 49
6 5 48
4 5 25
1 0 26
2 0 60
8 5 39
1 7 63
4 4 51
2 8 3
5 13 0 1
4 4 35
3 3 66
0 0 66
4 3 26
0 2 38
0 0 87
4 3 44
0 1 92
3 2 32
2 1 68
2 4 62
0 0 11
1 2 67
6 17 4 4
5 4 91
0 1 71
3 4 7
1 4 43
0 0 89
3 1 95
2 3 78
5 3 7
4 2 85
3 0 74
2 1 81
5 4 2
4 4 2
1 2 80
3 1 36
4 4 39
2 4 49
7 18 2 4
2 3 15
1 2 91
0 0 12
0 5 12
6 2 26
3 0 22
0 3 85
2 2 90
1 6 47
1 5 92
3 5 75
2 5 95
4 1 97
3 6 31
6 3 39
0 6 35
6 0 28
1 6 93
6 19 0 5
2 0 21
4 0 30
5 2 74
5 4 84
2 4 11
4 2 78
4 5 9
5 0 69
0 0 61
1 0 2
4 1 29
5 1 99
0 1 89
2 4 58
2 5 92
5 4 26
1 5 42
3 2 98
2 2 11
5 17 0 3
4 4 11
0 0 39
3 1 32
2 0 89
2 4 30
2 3 8
0 0 95
3 1 39
3 0 53
1 3 78
2 4 75
1 3 31
0 4 42
2 4 48
3 0 92
3 4 30
2 0 1
7 17 1 6
6 3 69
3 5 6
6 3 55
4 0 92
0 4 79
5 4 62
0 2 15
1 0 27
4 6 82
2 3 85
2 6 21
3 3 96
3 1 60
5 1 79
3 1 25
3 0 84
1 4 37
6 12 4 2
5 2 67
4 5 40
2 2 24
4 0 3
2 0 11
2 0 89
1 2 21
4 1 13
1 5 61
4 0 88
0 1 62
4 3 97
6 18 5 1
5 0 78
0 4 6
0 1 8
4 5 45
5 4 32
3 2 81
0 0 76
0 4 16
3 0 75
0 3 66
4 0 14
2 0 10
1 0 98
3 5 54
4 4 91
5 4 59
0 1 54
0 3 61
9 19 1 6
3 8 94
5 3 49
0 3 87
3 5 46
7 1 55
4 7 21
4 6 98
3 5 92
0 8 60
2 0 59
1 4 13
8 5 44
0 3 37
7 1 18
7 7 95
3 1 86
1 7 49
6 3 91
7 4 50
7 19 6 4
5 6 65
4 6 42
0 4 18
3 6 78
1 3 82
2 3 59
2 4 18
3 3 6
3 2 38
5 3 60
2 6 39
4 1 61
1 3 9
3 5 99
2 1 71
1 0 83
4 4 38
1 5 23
6 1 96
7 19 0 3
0 2 20
6 1 78
1 2 94
1 3 67
0 2 72
2 6 77
1 0 15
3 1 32
6 1 41
2 6 35
5 3 65
4 4 96
1 4 51
2 0 77
1 1 26
0 6 34
3 6 88
6 5 77
2 3 25
8 15 0 6
0 2 82
7 3 90
5 3 77
1 7 27
4 6 82
6 3 40
0 2 15
0 6 3
6 4 4
2 4 37
4 6 20
6 0 74
1 1 47
4 7 100
1 3 84
9 18 2 0
5 2 62
8 2 83
5 6 4
4 5 84
2 5 68
1 8 92
4 4 43
4 8 29
5 5 95
2 0 29
6 3 2
8 0 60
8 6 55
2 7 28
8 3 80
6 5 72
2 6 40
8 2 95
5 17 0 0
1 1 49
4 3 84
2 1 56
1 3 46
2 2 96
1 1 100
1 4 11
1 4 18
2 1 38
0 1 15
4 3 8
3 2 95
0 3 62
4 2 28
2 3 16
1 1 14
1 3 70
8 16 0 1
7 4 59
3 5 58
3 6 18
4 4 5
5 4 85
6 2 29
4 0 25
1 4 39
4 6 56
2 6 62
3 6 54
6 4 15
5 5 64
0 6 25
5 3 77
6 7 77
9 16 0 0
1 3 76
2 5 70
1 5 78
5 6 15
0 1 42
5 2 59
8 4 36
0 6 83
8 6 42
1 8 99
3 5 2
4 3 60
3 3 82
3 5 9
8 7 7
8 7 98
7 12 1 3
6 6 15
4 6 78
5 0 78
2 2 69
5 3 6
6 3 85
1 0 45
0 1 27
5 1 49
3 4 22
0 2 92
3 0 11
6 18 0 5
3 2 50
4 4 95
3 0 98
1 0 66
0 5 22
5 0 51
4 2 24
4 1 82
1 3 59
0 1 77
1 4 90
2 2 67
5 5 10
4 2 13
4 4 11
0 2 94
2 3 59
3 4 4
6 11 0 0
5 4 89
5 4 61
2 3 15
4 4 87
1 0 47
3 0 27
0 5 45
1 2 1
4 3 78
4 3 45
1 1 90
6 18 0 5
5 0 22
4 4 17
2 4 75
0 0 32
0 0 81
0 3 28
0 2 27
0 5 90
5 3 66
2 5 4
1 3 29
4 1 45
0 4 38
5 0 52
2 5 3
1 3 54
5 3 80
4 0 36
6 11 0 4
5 4 55
0 5 48
1 1 77
3 0 90
0 4 2
4 0 16
3 1 39
0 0 71
3 3 71
2 5 71
4 1 84
5 10 2 4
2 0 29
1 3 36
1 3 26
1 0 38
3 0 98
4 3 64
4 1 88
1 3 70
3 3 69
4 1 88
9 19 5 5
7 6 8
1 2 17
1 2 80
0 6 100
0 5 81
8 0 32
2 8 69
5 5 95
7 2 95
7 2 68
2 3 3
5 0 26
7 6 62
1 0 62
1 2 40
7 8 89
4 0 28
2 2 11
8 2 64
5 11 2 2
3 1 96
2 2 43
1 0 79
3 0 75
1 1 21
3 3 79
2 1 79
2 1 19
0 1 76
2 4 39
3 3 2
5 17 0 4
2 2 68
1 1 49
2 4 64
1 3 8
0 2 7
1 1 86
0 3 10
4 2 1
2 0 45
3 3 6
2 3 94
1 3 90
4 2 43
4 3 100
0 1 44
2 0 66
0 4 6
5 14 4 3
3 2 100
1 1 69
0 4 91
2 2 53
4 2 46
1 1 57
4 0 33
3 1 61
3 4 57
1 3 34
1 4 64
0 0 49
2 1 39
0 1 92
7 17 3 0
2 3 33
0 5 32
3 5 30
3 0 16
2 4 72
2 1 10
4 1 8
1 5 16
3 0 71
4 4 24
4 5 5
2 0 62
0 0 42
5 2 60
4 2 94
6 0 85
5 2 36
5 15 4 3
4 3 98
4 2 81
2 0 8
3 1 2
0 4 6
3 2 100
3 0 65
3 2 84
4 1 3
1 4 42
3 2 30
2 0 91
1 0 12
4 1 39
1 1 58
7 18 4 1
6 2 5
0 6 31
0 3 2
3 6 67
5 0 60
3 1 80
4 5 38
6 5 26
1 6 84
6 3 81
2 1 25
0 0 73
4 5 57
5 1 86
4 4 86
2 1 76
0 0 32
2 0 97
7 14 5 2
5 6 97
2 1 85
0 1 86
1 0 63
6 0 23
0 2 32
4 4 45
0 3 18
4 6 32
1 0 96
5 0 14
3 3 86
0 1 4
2 6 4
6 16 0 0
2 4 35
4 4 63
5 0 42
2 4 51
5 1 61
3 0 6
4 4 54
0 3 21
3 0 7
3 5 51
2 0 10
2 4 85
1 5 30
2 3 87
0 2 69
3 5 98
7 10 6 1
4 0 67
3 3 75
2 2 25
4 5 5
2 2 72
1 1 37
4 4 27
4 3 81
3 4 79
2 4 19
5 11 0 4
3 0 16
2 0 47
1 1 79
4 2 71
4 3 94
0 1 54
2 1 29
3 2 63
3 4 73
3 4 76
1 3 15
6 10 4 4
1 0 43
3 2 46
0 2 14
1 1 99
4 1 44
5 1 59
4 1 45
3 2 24
3 2 57
0 1 86
7 15 6 6
5 3 15
6 4 65
5 5 6
0 6 62
5 4 98
5 6 95
5 6 46
4 3 17
4 4 66
4 2 50
4 3 91
2 2 81
6 6 37
5 6 87
2 3 77
7 15 2 0
3 6 7
1 3 47
1 1 86
6 1 41
0 3 61
2 2 10
2 5 22
2 3 3
3 0 66
1 6 27
1 6 36
4 4 92
3 5 63
1 2 73
2 5 80
8 10 1 6
1 1 24
1 2 15
6 6 29
1 7 25
2 6 34
5 0 70
7 5 7
5 3 96
4 3 40
5 2 6
9 17 4 2
3 1 75
1 5 80
7 7 63
3 3 54
7 6 84
0 3 64
4 8 67
7 4 44
4 4 70
1 1 81
8 8 91
0 4 65
1 0 62
3 7 27
5 7 94
4 7 47
7 4 85
8 13 0 7
5 7 26
3 1 22
3 7 85
4 4 39
5 1 22
1 6 10
5 4 2
3 7 69
7 6 68
4 1 75
7 0 85
1 4 21
6 0 23
8 18 4 3
5 5 58
0 3 25
7 0 34
5 5 37
2 4 14
2 7 89
7 6 15
6 2 20
7 1 90
1 6 33
1 1 31
4 6 4
7 0 89
6 7 28
5 6 98
3 7 47
0 7 88
1 5 79
5 19 1 4
4 2 26
3 4 59
0 3 84
4 1 3
1 4 64
4 1 13
4 1 38
3 3 10
1 2 53
4 0 42
1 2 59
0 3 25
1 3 58
1 1 11
2 1 22
1 4 20
0 4 94
0 3 39
3 3 34
8 15 3 4
7 4 97
5 4 87
3 1 73
7 3 62
5 5 96
7 1 5
6 6 96
4 5 12
5 4 30
3 0 79
0 5 85
1 7 42
5 2 34
6 2 49
5 4 38
9 19 7 8
1 6 68
3 2 2
2 3 21
7 3 59
0 5 15
2 4 12
3 4 87
7 3 71
3 5 86
0 2 50
3 3 82
8 6 8
1 4 19
8 2 59
0 1 32
0 5 60
5 6 30
3 2 18
2 4 42
8 18 3 7
3 5 13
3 4 59
3 1 60
2 4 37
4 2 66
4 1 92
1 3 90
2 4 67
3 4 22
7 1 32
3 3 95
3 3 1
1 3 21
3 6 95
1 6 91
4 3 36
3 4 27
0 5 3
8 10 6 2
7 1 34
7 7 44
2 1 85
1 6 98
0 0 99
0 1 47
0 4 56
7 5 30
0 1 61
0 1 81
8 19 5 3
2 3 39
7 2 51
0 4 28
3 7 31
0 2 27
6 2 10
2 5 59
5 0 96
6 4 76
6 1 42
7 4 71
1 6 30
3 3 48
2 5 27
5 4 9
0 0 9
2 1 39
1 0 61
4 0 43
7 16 6 3
5 4 45
5 1 61
5 2 76
3 6 19
6 2 2
5 2 37
3 5 74
2 6 32
4 4 30
3 3 66
3 1 88
4 4 21
0 4 99
0 1 28
3 3 33
5 2 21
8 11 1 0
0 2 6
2 3 41
0 4 98
2 3 2
6 1 52
3 6 43
3 2 74
6 0 88
6 7 52
3 4 82
7 0 79
6 10 0 3
3 3 45
4 5 87
0 4 89
1 3 19
1 4 82
3 5 99
4 2 64
0 4 17
4 0 66
4 2 50
9 11 8 2
0 4 1
5 5 2
3 6 8
3 0 94
2 0 7
2 7 48
0 8 65
8 3 77
7 7 90
8 8 11
2 8 89
8 10 0 6
5 5 15
6 3 44
6 3 87
2 0 38
0 2 26
3 2 71
4 3 30
4 1 26
5 2 13
3 4 90
9 18 3 5
4 8 13
3 4 14
0 1 16
0 5 58
4 8 18
1 3 100
1 6 85
8 6 3
7 2 4
0 5 50
1 0 68
3 4 17
1 3 10
0 4 72
6 0 44
7 3 5
0 8 15
5 4 61
8 11 5 1
5 7 80
2 4 43
3 1 1
3 5 89
7 6 7
6 1 8
6 7 2
4 2 29
6 2 61
2 1 47
2 6 9
6 15 4 0
2 2 7
5 3 74
0 3 41
5 2 66
4 3 79
4 0 100
1 5 16
3 0 92
4 5 63
2 0 18
1 0 51
1 0 39
0 0 25
1 0 26
2 2 94
8 15 4 0
7 6 49
3 6 83
6 4 13
2 2 2
7 0 56
5 1 70
2 7 3
3 3 90
5 6 66
0 2 98
6 2 21
1 3 28
7 3 2
4 5 38
5 3 83
5 19 4 0
2 3 29
2 1 29
3 2 13
1 4 67
2 2 45
0 2 76
2 0 86
1 1 42
0 4 26
4 3 49
3 3 26
2 2 24
1 3 40
0 3 4
0 0 51
4 2 46
2 1 44
2 3 2
2 3 36
7 14 6 4
2 2 39
1 6 60
6 2 46
6 0 8
2 4 24
1 1 96
5 1 89
1 1 66
3 1 19
0 6 29
4 0 32
2 0 16
1 5 89
3 2 97
6 17 2 4
3 2 18
0 4 92
4 0 95
5 1 75
3 5 11
4 4 88
0 2 24
2 3 84
5 0 5
4 1 76
4 1 73
4 1 35
1 4 7
4 2 82
5 5 95
1 3 81
0 3 52
8 18 7 2
2 6 97
5 5 17
0 7 5
0 5 77
1 3 83
1 4 21
5 4 93
6 5 74
6 5 91
3 2 49
2 4 88
3 2 68
7 2 83
2 0 17
0 7 42
3 1 71
2 3 7
2 4 38
9 12 8 2
7 7 94
0 1 49
4 5 86
7 5 76
5 0 78
0 7 82
6 3 13
7 6 63
7 7 79
7 8 57
5 3 49
4 1 82
9 12 7 4
4 4 29
7 4 49
0 0 25
8 3 94
6 6 25
2 5 30
3 6 63
3 0 99
8 3 95
6 5 26
2 4 61
1 5 71
5 17 1 4
0 4 54
1 1 45
4 4 29
3 2 70
3 2 70
4 2 31
1 3 77
4 2 81
3 2 59
4 4 12
3 3 90
1 0 4
1 4 57
4 4 62
3 3 35
4 1 58
0 4 97
7 19 1 4
5 6 82
5 6 57
1 6 46
1 5 42
1 2 95
5 5 62
6 3 80
0 0 5
0 3 85
3 1 82
4 1 76
0 5 50
1 4 68
5 5 22
6 3 4
5 3 65
4 4 14
1 1 25
3 0 5
9 18 6 4
1 3 49
2 0 72
7 0 35
4 7 25
0 3 58
8 2 67
8 5 37
5 4 28
4 5 84
1 3 25
7 3 69
5 0 74
1 6 17
1 6 30
2 0 80
2 7 60
3 7 69
8 0 96
6 17 5 1
1 3 25
5 2 54
5 3 16
2 0 63
0 4 88
3 5 44
3 1 7
3 1 56
0 3 22
5 2 44
1 1 83
2 0 73
2 5 2
3 1 87
4 3 24
1 0 29
2 4 76
7 19 0 1
3 5 52
0 3 84
4 3 81
3 6 43
1 1 7
5 1 96
4 4 92
0 3 87
3 2 10
5 5 7
3 2 42
5 4 66
3 2 7
4 4 63
4 2 36
0 6 62
4 6 12
2 0 51
5 3 49
7 19 5 5
5 4 28
6 1 79
5 3 51
5 2 27
2 1 67
6 1 15
0 2 71
0 3 13
4 1 17
0 0 19
3 4 64
3 5 54
3 6 36
6 5 78
4 4 30
0 2 67
0 3 12
4 1 60
4 1 63
6 19 1 5
2 4 83
1 4 84
1 2 58
3 2 43
4 4 3
4 1 38
2 0 39
2 0 75
2 3 28
0 1 16
3 0 79
4 5 66
0 5 38
5 3 16
2 4 67
3 4 78
3 1 7
2 2 32
2 5 95
6 17 4 5
2 1 33
1 3 11
4 5 75
2 3 96
0 4 67
5 0 36
1 5 10
2 1 53
5 2 87
3 5 61
3 0 70
4 1 55
2 5 47
5 0 92
1 4 38
4 4 4
1 3 50
9 11 7 8
2 3 7
8 8 64
8 4 85
3 7 78
8 1 36
4 4 92
7 0 85
0 1 51
3 5 70
0 0 25
0 6 51
7 16 5 3
3 0 86
4 4 44
5 4 8
5 5 92
1 0 61
5 6 82
4 1 12
5 2 37
4 0 66
3 5 71
1 1 52
4 6 13
4 5 76
2 4 78
1 2 79
1 1 33
9 10 6 3
0 2 96
5 2 2
4 5 95
5 4 97
0 5 94
6 2 53
3 2 3
6 6 7
4 1 20
2 3 87
9 17 3 8
8 3 90
2 6 3
0 6 56
0 7 4
7 6 38
0 0 3
6 4 20
5 8 54
8 7 90
5 4 72
5 3 10
2 5 97
1 7 67
2 4 87
8 6 35
1 3 76
8 4 48
7 15 3 1
6 2 98
1 3 70
2 5 87
1 2 40
6 5 39
4 6 15
5 2 42
0 3 36
2 1 94
5 5 78
1 6 8
2 1 70
5 3 50
3 3 66
1 3 61
7 13 6 3
2 3 28
6 0 6
1 2 47
3 6 61
2 4 40
4 2 31
3 1 11
3 3 34
5 2 25
6 2 94
4 4 78
3 5 6
4 5 88
6 13 4 2
3 1 33
4 5 52
0 3 35
0 1 1
5 2 9
1 4 15
1 0 46
2 4 30
1 5 31
3 3 52
0 5 10
4 4 43
1 1 94
8 10 5 0
3 0 11
0 3 45
5 0 7
3 3 37
1 4 51
1 7 83
3 3 8
3 5 97
1 7 87
3 7 65
7 15 5 5
3 0 89
5 5 42
6 4 17
0 4 13
0 6 37
2 0 53
0 3 13
6 3 54
0 0 28
4 5 49
4 1 13
5 3 70
1 5 7
0 1 55
1 4 21
6 16 4 2
2 2 41
2 5 96
0 0 56
0 3 53
4 1 14
2 2 25
2 2 87
1 0 91
5 2 54
0 0 71
2 5 75
1 5 69
1 1 53
2 3 27
0 1 1
4 5 35
8 19 4 2
7 0 10
2 5 61
7 4 44
3 6 14
6 1 31
4 1 68
5 5 68
4 2 7
0 7 29
6 1 16
4 3 100
5 3 97
6 2 73
5 1 19
7 1 93
1 0 68
0 3 25
4 1 35
0 7 92
7 13 0 4
1 4 80
1 6 42
3 6 73
3 1 83
4 4 53
3 6 30
6 0 79
5 0 63
2 5 70
5 0 65
1 5 33
3 4 35
2 6 99
6 12 2 4
1 5 57
3 4 24
1 1 62
5 5 61
5 3 79
4 3 31
1 4 8
2 0 90
5 1 100
2 4 11
0 5 57
0 1 17
5 13 2 0
2 2 52
0 2 99
3 4 72
4 0 53
1 4 88
3 1 45
2 0 87
3 2 87
3 4 57
1 3 49
0 2 55
3 4 51
4 3 81
5 15 3 4
3 0 65
0 0 34
3 0 99
0 0 24
1 3 87
3 1 78
3 2 70
2 4 67
1 0 8
1 4 9
1 0 78
1 1 97
2 2 79
3 1 12
2 1 18
9 18 6 5
1 8 53
8 3 12
7 5 49
2 0 1
8 6 3
8 4 97
2 4 12
0 8 96
3 0 33
0 6 87
5 5 87
8 0 3
5 2 20
4 8 30
5 6 41
4 5 83
6 7 87
2 0 15
7 11 1 3
2 6 19
0 1 73
2 5 10
6 4 55
6 3 36
0 0 52
5 2 40
1 6 16
2 1 49
4 2 53
6 1 63
6 19 2 2
0 0 83
4 2 70
5 5 99
3 0 50
5 4 47
4 4 26
3 4 50
1 2 54
5 0 17
1 5 43
3 3 96
4 1 37
4 4 12
2 4 54
3 2 23
0 3 82
0 5 17
1 3 98
2 4 62
6 10 2 4
0 0 42
3 3 50
1 4 41
2 5 60
2 3 79
3 4 76
2 2 23
1 3 65
4 2 25
3 2 51
8 12 5 3
0 5 23
2 6 19
6 3 71
6 5 41
0 1 5
7 4 79
0 1 18
3 1 22
2 0 59
3 6 19
1 1 47
0 2 62
7 18 0 1
5 4 62
2 1 64
4 2 17
5 6 65
5 1 99
4 3 11
6 1 8
5 6 85
1 5 35
6 1 40
4 0 80
3 3 69
5 1 15
6 2 87
3 3 30
6 4 74
2 0 62
1 4 87
5 12 2 1
1 1 15
4 0 82
3 4 76
0 0 28
1 3 10
1 4 86
0 0 38
2 2 55
3 1 76
3 2 7
0 3 91
3 0 69
6 11 5 3
4 0 32
0 4 13
3 5 38
3 2 25
3 3 25
4 4 30
5 5 37
4 4 80
0 3 52
2 3 63
5 2 41
9 16 0 6
3 6 40
7 4 65
6 4 94
3 6 15
7 2 80
6 4 94
3 2 21
4 6 5
5 2 33
0 0 55
4 3 22
6 0 34
6 7 33
8 6 5
8 1 31
0 2 53
6 12 1 5
3 3 34
5 0 24
5 0 75
2 3 78
3 3 55
4 2 87
5 1 27
4 0 6
4 1 48
3 2 80
2 2 87
0 5 36
5 18 4 4
3 4 52
2 0 10
3 3 36
4 3 81
3 4 6
0 4 77
4 4 40
1 0 37
4 0 48
1 3 29
2 0 69
4 2 41
0 1 70
0 3 6
3 1 67
3 0 28
3 3 45
2 3 19
9 15 5 6
0 6 45
4 2 88
1 5 40
3 7 75
2 2 30
3 5 29
8 6 21
0 7 52
0 1 90
6 5 24
3 8 35
1 7 7
5 8 45
7 0 60
0 5 69
