10
50000000 100 104041 36824907
46473482 3951890
40963687 26712860
21088207 41663464
16422299 12972113
2902576 25697183
17524667 6830601
27033372 33762277
38470517 1677434
11765613 37839926
11016300 19527987
33248779 35449292
3042673 15778612
42658371 23457868
13920898 28160817
33567844 1379887
41070599 17983393
48976155 48460269
40802379 4213517
20854672 48918512
22895416 48872599
12109504 48602807
25984086 32097865
2594461 14400841
41401094 140447
17027427 16266332
10623226 33711574
47602492 3192902
13231480 45099125
694167 27887139
33375695 44214300
9546053 14197831
19705624 25683213
26697940 13283174
32768561 22944631
10324272 38347777
16370678 48181770
17747703 35180947
22320962 12595383
48968731 29627643
10141733 1124038
41658558 8358444
27954534 27610141
44669897 33813651
20039739 47476175
15748686 6367945
10789447 2105699
21536415 11903097
3114836 48742117
44129070 29674131
15557713 2327090
7228967 39696817
13206798 48053504
20022092 31822793
47441205 14404907
25400335 18755732
3653004 8875591
49433845 32104765
6755816 35205345
15265065 20220494
38831860 9606296
26571743 21725270
36801956 41226204
7355755 46272734
5988979 4434564
37221921 13128718
44529123 45905046
35895790 5642395
45850294 14792786
8085175 973299
1907433 30434687
16969585 26793259
35600753 23833977
15981313 13544488
49763641 44823419
26168021 4426124
13342682 32686632
25132995 10612835
45969692 42801120
36290721 22032270
8554285 12948161
49301412 31450222
23426848 30239738
46912125 10482388
9345320 23203927
5805617 9275176
2314388 41210505
12375481 8396121
14535438 5030710
35380826 11286916
30212879 26852416
8811205 23219943
1631781 48759769
39880817 23247623
47917801 26307271
2932792 4187039
38019130 48978419
49951792 6374092
43263934 37976760
21443019 24804726
40362650 33685225
50000000 100 43214514 22004480
41062896 24963491
36377949 11528372
26829849 25515092
29431159 6332777
16511908 36652939
20765040 40969590
30686093 48768514
27853154 15919706
46038849 28885224
41796136 36631723
19205202 14035443
20905276 3135551
38574327 40314918
26236241 3082392
35911750 36226526
17831985 4153749
2557748 43063971
22406232 718806
16182476 28080684
28086608 46219887
14786862 13882163
19239118 32230609
13028811 24451450
9221774 25830133
36295006 10932893
35304939 37110857
5403693 36183321
21668929 42735839
9259905 2017181
28581767 39527635
1764451 16037519
49886759 7069564
9297944 12346081
26220320 5783895
29177310 47934998
13135582 13334575
28137831 34734095
16800089 703761
8898069 125466
26049772 7250542
1024247 20074300
6885751 6742418
18626820 9224765
28320311 19751492
33128470 42958324
40928228 48437182
38611496 42659156
23858443 11565647
9867731 6348215
38884654 41573197
49110022 42945642
27199257 49369408
8920197 47916536
30762246 30373837
4676388 36738490
29853812 75232
8773700 36403742
589636 32851100
31503117 902199
35337365 10078983
34877164 194053
38786784 40746865
17151055 14667525
2896214 26056996
5020319 37493884
34478329 1639122
9281534 31969535
19704184 37710267
11295426 41257542
7184336 6380189
15107505 17819698
47401503 39716064
2161277 45250587
47468491 28234113
18761601 29915742
4187219 32768831
2593981 1752614
49864052 26917636
46435983 13676538
49958655 22696214
16263219 8332679
34129145 24725629
48281981 1613102
14754932 24693046
34683477 16861009
8594732 6403737
14463986 353497
21480293 30732808
8904154 34343563
35161859 25574105
21296153 11362955
6524650 30416900
37265984 19096368
34062616 43489936
5218080 33869578
43350783 174394
37395655 20572593
16892584 49704807
27428027 23319503
20547333 17105356
50000000 100 7620469 46467311
23725077 32263770
2448673 21340552
5371453 1516911
33526419 4053701
49650533 37251643
19534475 42903702
12268370 11428847
43749805 42871803
31966147 23807404
48546234 10449422
49758542 48308906
21441171 7112658
17470715 33750183
23065968 24338490
20006562 20120210
43028444 37488508
38706561 47866232
5329780 10589720
27233952 30069805
42476896 29634082
14719209 4877759
43835921 46757847
614658 40624663
46881467 18377695
25877102 49594608
43119765 11310687
23520099 47195645
49987408 15070018
45799021 39668181
22566868 33581895
15437891 11238690
28790849 11749582
16217192 1451017
36539557 30054750
37634694 14373211
16812665 28998650
32255110 21392125
12255201 5430566
17561075 12259092
42524324 18933300
26485520 23631093
28447977 46139602
30883383 40302283
44741556 18310744
11237620 33092617
14395167 44877006
16579169 6667795
9400284 2114748
5997892 12497703
24722666 35362869
35123814 42740752
32142102 2996261
48161845 19479438
16412341 45801818
32329756 40796031
15973279 414673
39615522 49241426
34512623 46266306
8207297 3595437
35834616 13266157
9289864 39394396
26409226 41430310
16831732 35675133
9892069 1317918
43034378 11044201
48084605 46355444
5924152 37507429
30959600 33336955
26731885 42572553
5596228 44152269
20178934 9848687
41607909 7718927
49628827 39639583
28178013 27108614
24415866 15847226
46271572 1785306
39614370 114917
5877323 10884904
24651507 24538232
20631956 266702
32071988 13642728
42205333 9046642
31168885 36421616
47599805 28880340
8770087 32691334
2007366 20336981
35604985 28630652
40848428 20137286
15874804 6614773
28114796 14582133
32629337 17987978
10271361 44270325
29481146 25951421
16352667 14226732
47199575 4606749
17393314 41538978
24570298 20184506
33035754 18089096
30066965 48809291
26288695 30449287
50000000 100 10219483 35550492
10568563 4726091
27049116 40696895
49606445 47398350
27468453 15737195
16975573 18650088
43402199 38717622
38403893 7329558
10210759 29970043
8714931 19506058
27939223 48054404
11118533 35078132
442132 31687289
36674868 20856206
32921487 37808654
14347412 4710381
891136 19673063
2885251 26660486
3500120 4109135
23124256 12082559
44871077 28585881
18275534 35502391
5131756 38181333
35471402 7079831
2114498 15464631
26760649 29436954
8659628 7284163
12693942 5665562
46942776 16597309
29170987 31531228
29423964 310351
25656206 45670238
11182606 22112508
3996974 12120288
45556004 47520452
28286142 26406320
43125613 45503384
40885009 29582394
3625743 8710143
19632790 7318094
19732002 27241993
49343767 13558451
33920014 10985716
45511981 37524589
37554849 15194140
37968647 39790282
44371699 20955560
6252763 1250994
49644286 28328178
41929772 11269039
19506296 14304566
41839933 49798842
22362100 29263998
8693332 26571592
1244985 3712717
43710003 40619285
47480416 802698
43142739 46
15496884 29895214
46244067 7428804
22723269 36776240
41746944 32541871
41755213 18198448
23676981 37290049
44520392 21681123
7984053 44312268
28696654 11827262
8592854 8461173
28002611 39502566
27134033 48061627
5674977 17532886
22982328 9725634
11009524 37721681
29763383 8637796
36009110 30390282
7746830 37399161
26930589 37937681
19486670 3676261
34104802 28902656
35725523 36174946
37604195 30338022
25114625 23799055
18064284 8485235
20345410 21020985
48042401 16449509
2270271 23989737
46131968 16383410
38115293 13301933
14988885 19531510
42358266 4341162
49170221 22229406
6783464 27839330
29398304 47708117
28043177 28907714
17337257 49843759
27517933 23380462
37628232 30814612
2102344 47764176
29931738 12425070
48506807 46475614
31314871 31036181
50000000 100 21345237 394538
33946125 18519674
36421081 27138096
18733051 36922002
10425172 22618075
48367217 15298308
40546728 11245272
38987462 27327126
13209546 9381535
42149531 27161557
13472058 3248189
26809582 46627587
18204099 25834087
38444673 6534214
38667119 26716347
40674029 990989
12638157 45462233
47447681 28566212
28826086 8296354
14418272 33612732
8303228 4729166
37882585 28474964
6334469 24454451
23109385 33898476
14083559 38224083
45465647 43852939
46327796 31551527
28830286 47959501
4017576 3502251
11058185 13194387
16413601 12315562
33664314 16726629
42673630 23714634
40410835 23360555
23896507 9894234
1438073 43713676
4189740 18296538
1872222 7335205
43067833 10922315
18638687 32409325
49034681 4122936
49939293 44866151
48472018 21115652
37861984 14242186
41136560 9408757
9758057 20433261
37465221 30416641
29627414 43198774
25406272 33861592
11736572 23093060
28822288 42972465
49372097 37477530
28322331 48135640
15107704 32469775
48828923 32950519
30676032 27316787
23573881 30587172
32750367 24427523
5329676 7095852
43779611 24063057
46863636 24195485
31334425 23556333
35999314 12121753
15745019 5106967
48163499 3174873
5304308 27318313
29006494 38186495
40334381 34028415
22423425 45237024
16022686 38075306
13144707 5643665
31140133 37780821
7649758 9812976
46813675 49467383
18952795 35054326
12044791 30749114
46733323 40005371
49614227 32013226
32824386 20701258
3258206 17046433
26865111 24450342
41906482 5172721
20667291 29854748
35626424 25046867
15645718 31519114
38608840 41403151
10595977 7119343
4700806 6683372
11087775 29042548
14821177 38069850
40997365 1205563
2172398 16074205
13198924 16908647
33920717 35449276
11447820 12679915
14991418 37713514
2753276 48024471
24768687 11203380
2585280 8926687
1714392 12349868
19423379 8040301
50000000 100 20411119 30024404
29415493 30128490
12507738 31839375
14146678 14943880
13100290 42739012
23303443 10130899
38523381 33884499
3594385 16790200
35816511 22974524
17584744 6589014
42309509 2536332
13220563 47992323
46259682 11619211
47720773 3069601
26147333 12434724
26368686 30062627
24461323 23704468
8107247 31632090
26490905 44450134
45200666 40216836
2973246 20822221
24467437 994710
29175175 7316147
13192977 11101256
37780066 46312641
24820494 31747297
26564279 2221855
5185554 19496644
24759364 49391373
44874723 39430203
7666872 18136658
13814176 37700226
16712211 10393317
37730367 12386326
35497405 15628889
38916930 31833279
44301028 29415694
13060924 44087259
20660121 48594069
24058115 39414125
33136557 42223203
49337271 857445
3053769 35772345
15561458 20865712
27400268 8288850
41532112 4793091
33073513 30573902
24891937 28174051
24916736 43213918
33363565 11749496
6330427 18467761
46787752 46230546
19529068 20259230
5764918 31492476
1620006 36381457
28032417 5086848
40397081 39233722
38903577 29458362
29092147 24844916
19319724 19140512
30379763 49017971
13506373 37768401
12633615 1011889
22554602 17631902
24317385 26958362
28567345 1107926
44320910 30826997
32608131 40003669
46264272 765845
27739797 39744591
19919908 42694592
21870882 6951000
39706014 671199
49364205 28152375
24189548 7755623
11921654 27749100
15862577 10206599
43339003 23660671
46687395 36008082
39837873 43516810
25809255 49762094
43498307 36856457
8201644 7357246
24857227 6715488
40873605 23119500
45526671 14382381
41748107 3166522
44308158 30640591
46140595 1344746
28671211 27071158
48388588 27502507
18061450 20768748
37857405 16428326
14963369 7300835
18663964 1147786
37648944 24360321
36100818 47463604
24446556 9217897
49004557 48025378
4103544 49778187
30361350 28375962
50000000 100 19425502 44877421
2675029 19008533
46377773 43495611
7321297 39599089
47375436 4330893
33728301 47771607
26890270 32051320
48637135 39269481
44160518 6449495
1546739 29976879
31338398 30427097
6324481 20011203
13758642 9825613
47949354 2627259
47145218 5965997
33840713 26745175
9160889 19606633
43250039 44599659
14076199 49811573
27299823 3786894
44366534 21577365
41757092 29239811
34040044 30402279
15119393 10694759
47884364 32745393
14444192 24349723
29505586 5824491
31932908 5906036
29378303 40993551
5495931 42565409
42613218 15955871
22680134 49366491
19522647 37084664
30200939 41428435
38260069 28153557
33474950 11221592
19005203 28937126
22849868 12728519
17153195 9573266
2033256 35871800
46912818 15319881
25384090 49768678
45430054 42626063
48151948 41223390
27700345 11715333
11590263 32712426
36750798 41679930
22419190 47140927
1175154 8504561
4378921 943846
36807069 17636531
13834254 12085735
21889641 15529240
12811163 48377148
1164434 33825489
47583775 1362420
9813616 45829753
36384089 43611814
25943217 38811037
29847001 30059929
13908826 9360136
8692503 39418416
26126079 8537939
7895633 18386714
236097 48875693
20188073 35769914
33102472 20487271
42950270 14447316
22208130 18606018
875145 47700217
22932699 3750780
1465276 39477300
13828413 29655704
47281110 46690293
32991243 12430316
7537610 35436477
12066777 4434160
29988690 7877130
39371693 46757957
38281550 45450757
29131388 896644
37205346 32483433
15500383 7080648
34975822 41294518
9962773 25459198
23019663 2839703
22372669 14737514
28376247 20921999
3100243 36646397
40561545 27351658
45180523 15649110
34578904 48211299
21556525 6686613
7793953 20519569
24883601 48985447
6326758 32983959
34695771 5055693
42866764 39021451
8616408 34338735
47503607 48426662
43300441 998690
50000000 100 16938149 20577707
46343792 22828661
19804553 7867166
9966569 13041921
10254569 45336478
19309707 7206833
5243131 15844514
28742288 16084687
14461435 26551004
1576929 35897744
37158160 3601768
47538966 6501474
37318880 21278263
5730349 32616436
28474097 26072378
48930312 42813575
17000770 44141266
47732524 46744435
24876074 1086200
24796600 30279932
21162095 46750888
48268195 11229142
36596522 47465106
31147577 17024501
35645785 41562371
15539799 46620313
31883973 1774864
36661861 36194201
45964310 1390981
31067156 19974639
28038323 10022924
718553 46920452
16011999 11433249
32710953 49331517
34664209 32345781
2366070 12178502
235283 7663136
1106281 5639964
43619549 35696588
6506336 14711136
37874355 6221599
11892906 27510106
37171964 19137064
12051072 15877195
1560293 26609677
45095111 24398840
21479990 35645876
42495364 23696883
48003187 8157360
9133471 34665387
19631670 33694573
47781468 24067254
30806348 25637663
14606230 9768029
27136525 15213671
39076797 21365608
11732224 34936902
47308945 5381419
40230574 38004295
27102752 14593744
7710918 3279592
49576189 17940326
40273137 45634248
37644225 41115050
44329207 39832214
39877830 41056149
37169939 4660921
10459170 25899813
26993938 44280763
41532898 21827439
38653618 47004667
13994760 14593381
2174008 32571795
16144198 29433315
22358611 24178309
47491195 9807872
25803568 5473709
40401133 26564243
46799581 11937890
1050952 39240707
22504803 94958
3032663 26264018
20583453 46694704
49800577 8780908
45793374 29957518
13885317 6279339
15118275 14745121
33139833 46638510
26080725 45600539
20952832 22082268
29326690 25306107
30146506 43355955
17306652 28119156
30890705 1030869
2616562 22387226
15361233 8463828
3167918 11196749
45152008 48200892
33092431 24512234
38170159 2299104
3669672 24204720
50000000 100 27266360 42506729
4489273 33938544
35592136 5721757
5585228 27344760
39002615 38213356
19225044 22879552
49961670 38960960
30291457 14996821
49565024 10793477
30148135 16747782
11454101 39420661
23308880 10667853
32269843 22090921
23162143 30280064
3600357 2950236
27889511 20991672
7460145 20947585
3283083 40211072
41653293 41793544
871448 23410497
44231395 18609900
16720032 26989164
14512421 26179968
23983192 25589993
48690002 1374714
46679669 16533440
1052874 24591424
40015938 47830022
17633966 37735154
26663685 29716489
10437980 33326007
36946708 28582078
36800682 4758987
46486962 30494825
36221153 31640392
22621487 20430606
39976188 49983156
42697279 29069592
25193121 3519563
1414937 23588424
17874015 4571662
6640083 30510815
27917481 11021963
29012732 39573262
5442194 35920622
23405690 6074525
41647819 14975048
10567846 35066074
8305113 5338270
30267814 2300868
3899930 9185973
5682825 42191096
17830778 43145116
15689384 45857755
46350320 14820473
14302907 24465160
15211455 28071575
39747001 34921084
29852651 5747504
601461 39594879
31250296 24518007
33739126 32469077
39222377 13222632
18134678 34487973
23042552 27921364
32462686 6349608
140177 24991911
10916639 7888278
49027221 40650491
13326676 7851085
32320076 26427618
44354103 20464963
45540138 7823982
13831841 6918189
19839814 481285
34248486 47911152
12053527 6757603
6185712 35619016
31450480 46665456
36572508 20476982
14446525 32542403
14275794 11669934
3739903 24219253
47477865 11746048
37331717 46582826
37313850 26644231
10451436 17154269
21162884 26546448
26857048 45672427
31864065 31538445
29816307 1779427
34501638 20954490
5818534 37397131
31155041 5641358
25684119 16749109
41202927 37867429
30806370 48125892
28708859 28776301
35959323 14246136
45335390 39188687
20364546 25141377
50000000 100 38971219 28970911
45023368 23256771
18214427 30034184
23503234 43826278
22752593 11828657
10402475 31058465
35089038 15270451
24360415 19557319
18829120 10380095
18844822 22825490
20622919 27150987
2127646 24519470
36768465 32710013
42834716 36275209
24046839 11309850
24641093 2116696
21285527 34217776
15004376 33511916
41874803 3194945
13917790 45687991
15893002 13012019
33793189 18753305
33872822 16176054
27305209 15354479
34412038 22737908
7875877 11887709
21751005 1910015
32004393 47473499
42520267 12386678
33716668 16077949
43546283 17461625
31523076 39653383
20458493 49030607
46719251 8618416
5763077 24201814
11774117 33518517
9723044 32800426
8610840 4719649
26594805 48615064
16640940 39802331
47225131 1882820
2527867 13401584
33623721 36225817
23603771 45873057
4669154 46672113
27212338 46548655
39946867 35720837
25419000 42140902
49441918 46389398
32663795 21807207
1715272 5757276
23006224 39460281
35626134 9020974
7168574 38652306
15946948 35426931
8815920 18890338
45880230 13773896
27461715 21770657
47408930 37294449
32781964 2350169
39408142 23358597
44551221 31007734
21140038 20275669
21810522 31094860
3846801 49085596
15165360 44588136
23709621 28567533
18760661 30426523
22391256 12303704
38939726 2198084
48632218 34314334
17744829 42841053
30457583 22877079
38107234 5926985
34957761 1875232
44941012 2457947
32655174 13023946
22278399 19441961
10402845 17410689
36205792 37961618
23562159 687354
38434432 33308685
4928836 11031200
39913646 37745715
35821156 28650559
2415616 41335695
8913776 35606001
10662155 12939685
27845247 35036233
10379105 29820607
7895037 1508926
15338571 40189695
19281922 30424665
19304007 14879393
34727664 9105825
46020292 21996560
31730895 24870470
46966172 22692524
13988460 23345421
29727826 9452761
18581168 49975035
