0
0
1
-1
0
-1
0
-1
0
0
-1
687960
0
0
0
3049783411046089908648467555819970638526453184243200000000000000
53805796811556272000000
0
0
0
0
336154273461631757774307994453125000
26637578409994912820903579136000
28743051670699926008145911715196190194784527006620107761710000000000
-1
4312236896134454348661600
0
6688732458025231182245314915200000
0
-1
-1
0
0
-1
0
0
0
614328814897597800
218507464421194876084930895286541977600000
16434580398329861549413632000
0
-1
-1
9036000355521633074380800000
0
877496477421153379259813082542876661941702669625910898406457344000000
0
0
0
0
64191155898016742091840
18493376987403067720006173688759599058599122745545113744211562233910901604352000000000000
0
-1
0
0
-1
0
0
-1
-1
0
8666170565095537312356645663922507120773982413747160691955302400000
0
7012777441783931121574742633462213788938937806598971876434903040000000
0
39936930900750918666573328731939608683224005927740598635340105369659023360000000000000000
0
46327150282228593486869300207162881486820838114299904000000000
0
0
0
0
0
0
75
0
236347694621409667289963152309912676330676805865497456699845497059858125000
0
1
181024253063775820786922506602271569858251016520676732198109040938634444800000
0
0
0
0
0
-1
-1
526352980739612729668796221935719569275908056637116094906937286956174950516391936000000
0
0
0
0
11217968127213120000
0
0
-1
3745733129570844329081587425409493858310872369509323704449604840216985600000000000
0
60714652729968884479759720129053058011370740771494400000
0
1017317302916607662974090510493754847493586222940144119652024320000000
0
0
65845698463245603303358153175593770259783680000000000
-1
0
0
-1
0
794561371462336531330653558879519469488441600000000
860833849227085430227281402434074096155487725020288487315125016576000000000000
756964022179673411947002226462908029555932649226240
0
0
0
0
0
0
0
0
0
0
-1
0
0
143988825905333299030140
1392462158142681642082194778890240000000
2441491775783574954786529453670400000
0
0
0
0
23616791144117409282366651678317894222921063256889712640000
1
-1
736615650074117376816232618717927773067531452751538046074880000000000
0
0
15695110367706369600
0
-1
-1
16290526908989082756805984866750030594510381504000000000
0
0
-1
-1
1056909175639415698289450984322217577975090579819759263346227200000000000
-1
89183678390223181869943026130836227368708389826378310346936845638136847610675200000
0
-1
0
0
0
1894947241177490908386409365281424638879536069682657899977457855745668313088000000000000000000
0
49042854970392647947114756224000
0
0
0
0
0
-1
0
0
0
27688202200007949600
0
61339841105407889312849170445157571341849792245283856209059702507903152816128
0
-1
0
0
0
0
223813657120530962335408562946504025797242388480000
0
0
513839294793910999498869734688011661364614093980472642254017688130345762816000000000
0
2403423612254652892895638244574668841900750000000000
-1
44808417773358396834344658122316204418883172627063943268820501475944600000000000
3205758874237920
-1
0
156429340616284812399499581322605397840088219870870869018533682560000000
-1
20851810569043579125
1
405618859919364461370
1467239835588515914296931505129283401080595405369082277527552000000000
54701492327193985460702577415761408000
86493225
0
1878762993045750381217948210775425408676088938496000000
0
0
0
34421733895792896774242829858899989211647954285308743409393661504389120000000000
0
-1
-1
-1
0
306066788453177814823502751531543810587461898032611704201375948083200000000000000000000
