4692
0 0
-1 0
0 -1
1 -1
1 -2
2 -2
3 -2
2 -1
2 0
2 1
3 1
4 1
5 1
5 2
4 2
4 3
5 3
5 4
5 5
6 5
6 6
7 6
7 5
8 5
9 5
8 4
9 4
9 3
8 3
7 3
7 4
5 6
4 6
4 4
3 4
2 4
3 3
3 2
4 0
4 -1
5 -1
6 -1
7 -1
7 -2
6 -2
7 -3
6 0
6 1
5 0
5 -2
4 -2
3 0
1 1
1 0
2 -3
3 -3
3 -4
1 -3
0 -3
-1 -3
-1 -2
0 -2
-1 -1
-2 -1
-2 0
-2 1
-2 2
-3 2
-3 3
-4 3
-5 3
-5 4
-4 4
-3 4
-2 4
-4 5
-3 5
-2 5
-1 5
0 5
1 5
-1 6
0 6
0 7
1 7
1 8
2 8
2 7
2 6
1 6
1 9
0 8
-1 7
-1 8
-2 8
-2 9
-1 9
-2 10
-2 11
-2 7
-3 7
-3 8
-3 9
-4 9
-4 10
-3 10
-5 10
-6 10
-6 11
-5 11
-4 11
-4 12
-3 12
-5 12
-7 11
-7 10
-7 9
-6 9
-5 9
-4 7
-4 6
-3 6
-2 6
-1 4
-6 3
-6 2
-5 2
-4 2
-4 1
-4 0
-5 0
-5 1
-6 1
-7 1
-7 0
-6 0
-7 -1
-8 -1
-9 -1
-9 -2
-10 -2
-11 -2
-11 -1
-11 0
-10 0
-9 0
-9 1
-9 2
-8 2
-7 2
-7 3
-8 3
-9 3
-9 4
-8 4
-7 4
-7 5
-6 5
-5 5
-8 5
-9 5
-8 1
-8 0
-10 2
-10 1
-11 1
-11 2
-11 3
-12 3
-12 2
-12 1
-13 1
-12 -1
-10 -3
-9 -3
-8 -3
-8 -4
-8 -5
-7 -5
-7 -6
-7 -7
-11 -3
-11 -4
-10 -4
-11 -5
-12 -5
-12 -4
-13 -5
-13 -4
-14 -5
-14 -4
-14 -3
-13 -3
-15 -3
-13 -6
-12 -6
-11 -6
-12 -7
-11 -7
-13 -7
-14 -7
-14 -6
-15 -6
-15 -5
-16 -6
-16 -5
-17 -6
-18 -6
-18 -5
-19 -5
-19 -4
-19 -3
-18 -3
-17 -3
-16 -3
-16 -4
-15 -4
-17 -4
-18 -2
-17 -2
-17 -1
-16 -1
-16 0
-16 1
-16 2
-16 3
-16 4
-16 5
-15 5
-14 5
-14 4
-15 4
-14 3
-15 3
-14 2
-13 2
-13 3
-13 4
-17 0
-17 1
-18 0
-18 1
-19 1
-19 2
-18 2
-19 3
-18 3
-18 4
-19 4
-19 5
-18 5
-18 6
-19 6
-20 5
-20 6
-21 5
-18 -1
-16 -2
-20 -3
-20 -2
-21 -3
-21 -2
-21 -1
-20 -1
-19 -1
-19 0
-20 0
-21 0
-22 0
-22 1
-22 -1
-23 -1
-23 0
-24 0
-24 -1
-22 -3
-22 -2
-23 -2
-23 -3
-22 -4
-23 -4
-24 -4
-24 -3
-24 -2
-25 -2
-26 -2
-27 -2
-27 -3
-26 -3
-26 -4
-25 -4
-25 -5
-26 -5
-27 -5
-27 -6
-28 -6
-29 -6
-30 -6
-30 -5
-29 -5
-28 -5
-30 -4
-30 -3
-30 -2
-31 -4
-31 -3
-31 -2
-32 -2
-32 -3
-32 -4
-33 -4
-34 -4
-34 -3
-35 -3
-35 -4
-36 -4
-36 -3
-36 -2
-35 -2
-35 -1
-36 -1
-37 -1
-37 0
-38 -1
-38 0
-38 1
-37 1
-36 1
-35 1
-35 0
-34 0
-37 2
-37 3
-38 2
-38 3
-38 4
-37 4
-36 4
-36 5
-35 5
-34 5
-34 6
-34 7
-34 8
-34 9
-34 10
-35 10
-35 11
-34 11
-36 10
-36 11
-36 12
-35 12
-34 12
-34 13
-34 14
-33 14
-35 14
-36 14
-37 14
-37 15
-36 15
-36 16
-35 16
-34 16
-33 16
-32 16
-32 15
-31 15
-30 15
-29 15
-28 15
-27 15
-30 16
-31 16
-33 15
-35 17
-36 17
-37 16
-38 14
-39 14
-39 15
-39 16
-40 16
-41 16
-41 17
-40 17
-39 17
-38 17
-38 18
-38 19
-38 20
-39 19
-38 16
-39 18
-40 18
-41 18
-41 19
-40 19
-41 20
-40 20
-42 20
-42 21
-41 21
-40 21
-39 21
-38 21
-37 21
-36 21
-36 20
-35 20
-35 21
-34 21
-33 21
-32 21
-31 21
-30 21
-29 21
-30 22
-29 22
-29 23
-31 22
-31 23
-30 23
-31 24
-30 24
-30 25
-29 25
-28 25
-27 25
-28 24
-28 23
-27 23
-26 23
-26 24
-25 24
-25 23
-26 25
-27 24
-26 22
-25 22
-27 22
-28 22
-29 24
-30 26
-32 24
-33 24
-33 25
-33 26
-32 26
-32 27
-31 27
-30 27
-30 28
-30 29
-29 29
-30 30
-29 30
-31 29
-31 30
-32 30
-33 30
-31 28
-31 26
-32 28
-32 29
-33 29
-34 29
-34 30
-33 27
-34 27
-34 24
-35 24
-34 23
-32 23
-33 23
-32 22
-33 22
-34 22
-35 22
-35 23
-31 20
-33 20
-32 20
-32 19
-31 19
-30 19
-30 20
-29 20
-30 18
-31 18
-33 19
-33 18
-32 18
-32 17
-31 17
-34 20
-34 19
-34 18
-34 17
-35 19
-36 19
-36 18
-37 20
-39 22
-38 22
-37 22
-40 22
-41 22
-41 23
-41 24
-41 25
-40 25
-40 26
-39 26
-38 26
-37 26
-36 26
-36 25
-37 25
-37 24
-36 24
-37 23
-36 23
-37 27
-36 27
-36 28
-35 28
-35 27
-36 29
-35 29
-36 30
-35 30
-36 31
-35 31
-35 32
-35 33
-35 34
-34 34
-33 34
-32 34
-32 35
-31 35
-30 35
-30 36
-29 36
-28 36
-27 36
-26 36
-25 36
-25 35
-26 35
-27 35
-28 35
-29 35
-26 34
-27 37
-27 38
-29 37
-31 34
-30 34
-29 34
-28 34
-27 34
-30 33
-29 33
-28 33
-27 33
-26 33
-27 32
-28 32
-29 32
-30 32
-31 32
-32 32
-32 33
-33 33
-34 33
-33 32
-34 32
-34 31
-33 31
-32 31
-31 31
-30 31
-27 31
-26 31
-25 31
-28 31
-28 30
-31 33
-32 36
-32 37
-31 37
-31 36
-33 35
-34 35
-35 35
-35 36
-34 36
-33 36
-35 37
-36 37
-36 38
-37 38
-37 39
-37 40
-38 40
-39 40
-40 40
-40 41
-40 42
-39 42
-39 41
-41 42
-42 42
-41 41
-41 40
-42 40
-42 41
-43 41
-38 38
-38 39
-36 36
-37 36
-37 37
-37 35
-38 35
-39 35
-39 36
-38 36
-40 35
-40 36
-41 35
-41 36
-41 37
-40 37
-40 38
-40 39
-39 39
-41 39
-42 39
-43 39
-44 39
-44 38
-43 38
-42 38
-42 37
-43 37
-45 38
-45 39
-46 39
-46 40
-45 40
-46 41
-47 41
-46 38
-46 37
-46 36
-45 36
-45 35
-44 35
-43 35
-43 36
-43 34
-44 36
-46 35
-46 34
-45 34
-45 33
-44 33
-44 34
-46 33
-47 33
-47 34
-47 35
-47 36
-47 37
-47 38
-47 39
-48 36
-48 37
-49 37
-49 38
-49 39
-48 39
-50 39
-50 40
-51 40
-51 41
-51 42
-51 43
-50 43
-49 43
-48 43
-47 43
-48 44
-49 44
-49 45
-49 42
-48 42
-50 42
-52 41
-52 42
-52 40
-53 40
-53 41
-54 40
-53 39
-52 39
-51 39
-51 38
-50 38
-50 37
-52 38
-49 36
-50 36
-51 36
-50 35
-49 35
-48 35
-48 34
-49 34
-50 34
-50 33
-48 33
-46 32
-47 32
-48 32
-45 32
-41 38
-41 34
-41 33
-42 33
-42 34
-42 32
-41 32
-40 32
-40 31
-40 30
-39 30
-38 30
-37 30
-37 31
-37 32
-36 32
-36 33
-37 33
-37 34
-36 34
-38 33
-39 33
-39 32
-38 32
-37 29
-38 31
-39 31
-38 29
-39 29
-39 28
-40 28
-40 29
-41 28
-41 29
-41 27
-42 27
-42 28
-42 29
-42 30
-43 29
-43 28
-44 28
-44 29
-45 28
-44 27
-45 27
-44 26
-43 26
-44 25
-43 27
-42 26
-41 26
-40 27
-39 27
-38 27
-38 28
-37 28
-43 32
-43 33
-44 32
-42 31
-40 24
-40 23
-39 23
-42 25
-43 25
-43 24
-42 24
-39 20
-42 22
-42 23
-43 20
-44 20
-43 19
-42 19
-44 19
-44 18
-43 18
-42 16
-41 15
-40 15
-42 15
-43 15
-43 16
-43 17
-42 17
-44 15
-45 15
-44 14
-43 14
-45 14
-45 13
-44 13
-43 13
-44 12
-45 12
-46 12
-46 11
-42 14
-41 14
-39 13
-38 13
-38 12
-39 12
-39 11
-38 11
-37 11
-40 11
-40 12
-41 12
-41 13
-42 13
-42 12
-43 12
-43 11
-42 11
-42 10
-44 11
-45 11
-45 10
-44 10
-44 9
-43 9
-43 8
-42 8
-43 7
-41 11
-40 10
-39 10
-40 9
-41 9
-41 10
-42 9
-40 8
-40 7
-39 7
-38 7
-37 7
-36 7
-35 7
-35 8
-36 8
-35 6
-36 6
-37 8
-37 9
-36 9
-38 6
-38 5
-39 6
-41 7
-41 8
-42 7
-41 6
-40 6
-40 5
-39 5
-42 6
-43 6
-44 6
-45 6
-45 5
-44 5
-43 5
-45 4
-46 4
-46 5
-47 5
-47 4
-47 3
-46 3
-48 3
-48 4
-48 5
-49 5
-49 4
-49 3
-49 2
-48 2
-47 2
-47 1
-49 1
-50 1
-50 2
-50 3
-51 2
-51 1
-52 1
-52 2
-52 3
-52 4
-51 4
-53 4
-53 5
-53 6
-53 3
-54 3
-55 3
-55 2
-53 2
-54 2
-49 0
-50 0
-45 3
-45 2
-44 2
-44 3
-44 4
-44 1
-43 1
-43 2
-43 3
-43 0
-42 0
-42 -1
-41 -1
-43 -1
-45 1
-35 13
-35 9
-34 4
-35 4
-35 3
-34 3
-37 5
-37 6
-39 4
-39 3
-39 2
-39 1
-39 0
-40 0
-40 1
-40 2
-41 1
-37 -2
-38 -2
-37 -3
-38 -3
-39 -3
-40 -3
-41 -3
-42 -3
-37 -4
-38 -4
-39 -4
-40 -4
-41 -4
-41 -5
-40 -5
-37 -5
-36 -5
-38 -5
-34 -5
-34 -6
-33 -5
-32 -5
-31 -6
-29 -7
-28 -7
-29 -8
-28 -8
-28 -9
-25 -6
-28 -3
-28 -2
-28 -1
-29 -1
-30 -1
-30 0
-31 -1
-32 -1
-32 0
-33 -1
-34 -1
-29 -3
-29 -4
-28 -4
-27 -4
-25 -3
-23 -5
-22 -5
-24 -5
-24 -6
-23 -6
-21 -4
-20 -4
-21 -5
-21 -6
-20 -6
-19 -6
-19 -7
-18 -7
-18 -8
-17 -8
-19 -8
-19 -9
-18 -9
-17 -9
-20 -5
-16 -7
-15 -7
-12 -8
-13 -8
-7 -2
-7 -3
-6 -3
-6 -2
-6 -4
-6 -5
-5 -5
-7 -4
-4 -1
-3 -1
-5 -1
-5 -2
-5 -3
-4 -3
-3 -3
-2 -3
-2 -4
-1 -4
-1 -5
0 -5
1 -5
1 -6
2 -6
2 -5
2 -7
1 -7
0 -7
-1 -7
-1 -6
-2 -6
-3 -6
-3 -5
-2 -5
-3 -4
-4 -4
-3 -7
-2 -7
-4 -7
-4 -8
-5 -8
-5 -7
-5 -6
-4 -6
-6 -6
-6 -7
-6 -8
-7 -8
-8 -8
-9 -8
-9 -7
-8 -7
-8 -6
-10 -7
-7 -9
-8 -9
-9 -9
-9 -10
-10 -10
-10 -9
-10 -8
-11 -9
-9 -11
-10 -11
-11 -11
-11 -12
-11 -13
-10 -13
-9 -13
-8 -13
-8 -14
-12 -13
-13 -13
-11 -14
-12 -14
-11 -15
-7 -10
-6 -10
-5 -10
-4 -10
-3 -10
-2 -10
-1 -10
-1 -9
0 -9
-2 -9
-3 -9
-3 -8
-2 -8
-1 -8
-4 -9
-1 -11
0 -11
-2 -11
-2 -12
-1 -12
-1 -13
-3 -12
-3 -11
-4 -11
-5 -11
-4 -12
-5 -12
-5 -13
-5 -14
-6 -14
-6 -13
-6 -12
-7 -12
-8 -12
-8 -11
-8 -10
-9 -12
-10 -12
-7 -13
-6 -15
-7 -15
-7 -14
-6 -16
-7 -16
-5 -15
-4 -15
-3 -15
-2 -15
-1 -15
0 -15
-1 -14
-2 -14
-2 -13
-1 -16
-1 -17
-2 -17
-3 -17
-2 -18
-1 -18
0 -18
1 -18
2 -18
3 -18
1 -19
2 -19
3 -19
3 -20
2 -20
-1 -19
-4 -14
-3 -14
-3 -13
-4 -13
-5 -16
-4 -16
-4 -17
-5 -17
-4 -18
-3 -18
-4 -19
-3 -19
-3 -20
-2 -20
-2 -19
-4 -20
-4 -21
-3 -21
-3 -22
-2 -22
-1 -22
-1 -21
-1 -20
-1 -23
-2 -23
-2 -24
-2 -25
-3 -25
-3 -24
-3 -23
-4 -23
-5 -23
-6 -23
-7 -23
-8 -23
-8 -22
-7 -22
-6 -22
-5 -22
-4 -22
-5 -21
-6 -21
-7 -21
-7 -20
-6 -20
-8 -20
-8 -19
-8 -18
-7 -18
-7 -17
-6 -17
-7 -19
-6 -19
-9 -19
-9 -20
-8 -21
-9 -21
-9 -22
-10 -22
-9 -23
-10 -23
-11 -23
-11 -22
-11 -21
-11 -24
-10 -24
-9 -24
-11 -25
-10 -25
-9 -25
-8 -25
-7 -25
-6 -25
-6 -24
-5 -24
-5 -25
-5 -26
-4 -26
-4 -25
-4 -27
-7 -24
-8 -24
-9 -26
-8 -26
-7 -26
-9 -27
-8 -27
-8 -28
-7 -28
-7 -27
-8 -29
-7 -29
-6 -29
-5 -29
-5 -30
-4 -30
-4 -29
-4 -28
-3 -28
-3 -27
-2 -27
-1 -27
0 -27
-1 -28
0 -28
1 -28
1 -27
2 -27
2 -26
3 -26
4 -26
3 -27
4 -27
4 -28
3 -28
2 -28
2 -29
1 -29
0 -29
-1 -29
1 -30
3 -29
4 -29
5 -29
5 -28
6 -28
6 -27
7 -27
8 -27
9 -27
10 -27
10 -26
9 -26
9 -25
8 -26
9 -28
9 -29
9 -30
10 -30
10 -29
10 -31
10 -32
11 -32
12 -32
12 -31
13 -31
14 -31
14 -30
14 -32
15 -32
13 -32
14 -33
13 -30
13 -29
12 -29
12 -28
13 -28
12 -27
11 -27
11 -26
11 -28
10 -28
12 -30
11 -30
11 -29
11 -31
12 -33
13 -33
13 -34
14 -34
15 -34
8 -30
8 -29
8 -28
7 -28
7 -29
7 -30
7 -31
8 -31
9 -31
9 -32
8 -32
7 -32
7 -33
7 -34
8 -34
9 -34
9 -35
8 -33
9 -33
10 -33
6 -31
5 -31
5 -30
6 -30
6 -29
4 -31
3 -31
3 -30
4 -30
2 -30
2 -31
1 -31
0 -31
2 -32
1 -32
1 -33
2 -33
2 -34
3 -34
3 -33
4 -33
3 -32
4 -32
5 -32
6 -32
6 -33
5 -33
6 -34
5 -34
4 -34
5 -35
5 -36
4 -36
4 -37
5 -37
6 -37
7 -37
7 -36
6 -38
6 -39
7 -39
7 -38
8 -38
9 -38
8 -39
9 -39
10 -39
7 -40
6 -40
6 -41
7 -41
8 -41
8 -40
9 -40
9 -41
10 -41
10 -40
11 -40
11 -39
11 -41
12 -41
12 -40
11 -42
12 -42
12 -43
13 -43
13 -42
14 -42
15 -42
16 -42
16 -43
17 -43
18 -43
18 -44
17 -44
17 -45
18 -45
18 -46
19 -46
19 -47
18 -47
17 -47
17 -46
16 -46
17 -48
18 -48
16 -48
16 -49
15 -49
14 -49
14 -48
13 -48
13 -47
14 -47
15 -47
16 -47
14 -46
14 -45
14 -44
15 -44
16 -44
15 -43
14 -43
15 -45
15 -46
13 -44
13 -45
13 -46
12 -47
11 -47
10 -47
9 -47
9 -48
10 -48
11 -48
12 -48
11 -49
12 -49
11 -50
10 -49
9 -49
8 -49
7 -49
6 -49
6 -48
7 -48
7 -50
6 -50
8 -50
9 -50
9 -51
9 -52
8 -52
8 -51
7 -51
10 -50
13 -49
14 -50
15 -50
13 -50
13 -51
13 -52
12 -52
12 -51
12 -53
12 -54
13 -54
13 -53
13 -55
14 -55
14 -54
14 -53
15 -53
16 -53
16 -52
15 -52
14 -52
14 -51
15 -51
15 -54
16 -54
17 -54
17 -55
18 -55
18 -54
19 -54
20 -54
20 -53
21 -53
20 -52
20 -51
21 -51
21 -50
19 -53
19 -52
19 -51
18 -51
18 -52
18 -53
17 -53
17 -52
17 -51
17 -50
16 -51
17 -56
18 -56
19 -56
20 -56
20 -55
19 -55
19 -57
18 -57
18 -58
16 -56
16 -55
15 -55
15 -56
14 -56
14 -57
13 -57
13 -56
14 -58
13 -58
12 -58
13 -59
12 -59
16 -57
17 -57
17 -58
16 -58
15 -58
16 -59
15 -57
11 -54
11 -53
11 -52
10 -52
10 -51
10 -53
9 -53
10 -54
9 -54
8 -54
8 -53
7 -53
6 -53
6 -54
6 -55
7 -55
8 -55
8 -56
8 -57
8 -58
7 -54
6 -56
7 -56
7 -57
7 -58
6 -58
6 -59
5 -59
5 -58
4 -59
4 -58
3 -58
2 -58
2 -59
1 -59
1 -60
0 -60
0 -59
0 -58
1 -58
-1 -59
-1 -60
-1 -61
-2 -61
-3 -61
-3 -60
-4 -60
-5 -60
-6 -60
-6 -59
-6 -58
-6 -57
-7 -57
-7 -56
-6 -56
-7 -55
-8 -55
-8 -56
-7 -58
-7 -59
-8 -59
-5 -61
-4 -61
-4 -62
-5 -62
-6 -62
-7 -62
-7 -63
-6 -63
-6 -61
-7 -61
-7 -60
-1 -62
0 -62
0 -63
1 -63
2 -63
2 -62
2 -61
3 -61
4 -61
5 -61
5 -60
4 -60
3 -60
3 -62
2 -60
1 -62
1 -61
0 -61
-1 -63
-2 -63
-1 -64
-2 -64
-3 -64
-4 -64
-5 -64
-5 -63
-6 -64
-7 -64
-8 -64
-5 -65
-4 -65
-6 -65
-5 -66
-3 -65
-1 -65
-2 -65
-2 -66
-3 -66
-4 -66
-3 -67
-4 -67
-3 -68
-4 -68
-3 -69
-4 -69
-4 -70
-4 -71
-3 -71
-2 -71
-3 -72
-4 -72
-4 -73
-3 -73
-2 -73
-1 -73
0 -73
1 -73
2 -73
2 -72
3 -72
4 -72
4 -73
5 -73
6 -73
7 -73
8 -73
9 -73
10 -73
11 -73
11 -72
12 -72
12 -71
13 -71
13 -72
13 -73
14 -73
12 -70
13 -70
12 -69
13 -69
14 -69
14 -68
13 -68
13 -67
14 -67
15 -67
15 -66
15 -65
15 -68
15 -69
15 -70
16 -70
16 -71
16 -72
15 -72
15 -71
15 -73
15 -74
14 -74
13 -74
12 -74
12 -73
11 -74
11 -75
12 -75
12 -76
13 -76
14 -76
14 -77
15 -77
16 -77
17 -77
18 -77
17 -76
16 -76
16 -75
15 -75
14 -75
13 -75
15 -76
17 -78
16 -78
17 -79
18 -79
16 -79
16 -80
17 -80
18 -80
17 -81
17 -82
15 -80
15 -79
14 -79
14 -78
15 -78
13 -78
14 -80
13 -80
13 -79
12 -80
12 -79
11 -80
11 -79
10 -79
10 -78
10 -77
10 -76
11 -76
9 -78
9 -77
9 -76
8 -78
8 -77
7 -77
7 -76
8 -76
6 -76
6 -77
6 -78
6 -79
7 -79
8 -79
9 -79
7 -78
7 -80
8 -80
9 -80
9 -81
8 -81
8 -82
9 -82
7 -82
7 -81
6 -81
6 -80
5 -80
5 -81
5 -82
4 -82
3 -82
3 -83
4 -83
3 -84
3 -85
2 -85
1 -85
2 -86
3 -86
4 -86
5 -86
6 -86
6 -85
7 -85
7 -86
8 -86
8 -87
9 -87
9 -86
10 -86
11 -86
12 -86
12 -87
13 -87
13 -86
12 -88
12 -89
13 -89
14 -89
11 -89
11 -90
12 -90
13 -90
14 -90
15 -90
16 -90
16 -89
17 -89
18 -89
17 -90
17 -91
16 -91
17 -92
17 -93
15 -91
14 -91
13 -91
14 -92
15 -92
16 -92
16 -93
15 -93
15 -94
16 -94
17 -94
18 -94
19 -94
19 -93
19 -92
19 -91
20 -91
21 -91
21 -90
22 -90
22 -91
22 -92
23 -92
24 -92
24 -91
24 -90
23 -90
23 -89
24 -89
25 -89
25 -88
26 -88
26 -87
27 -87
27 -88
28 -88
29 -88
30 -88
31 -88
32 -88
32 -87
33 -87
32 -89
33 -89
33 -88
33 -90
34 -90
32 -90
32 -91
33 -91
33 -92
32 -92
33 -93
34 -93
34 -94
33 -94
32 -94
33 -95
34 -95
35 -95
36 -95
37 -95
38 -95
37 -94
37 -96
38 -96
38 -97
39 -97
36 -94
31 -89
30 -89
29 -89
28 -89
30 -90
31 -90
30 -91
30 -92
30 -93
31 -93
32 -93
31 -94
31 -95
29 -93
29 -92
28 -92
28 -91
27 -92
27 -91
27 -90
28 -90
29 -90
29 -91
26 -90
25 -90
25 -91
26 -91
26 -92
25 -92
26 -93
26 -94
27 -94
27 -93
27 -95
26 -95
25 -95
25 -94
24 -95
23 -95
22 -95
23 -96
24 -96
24 -97
25 -97
25 -96
23 -97
22 -97
21 -97
21 -98
22 -98
22 -99
23 -98
24 -98
24 -99
23 -99
22 -96
21 -96
21 -95
20 -95
20 -94
21 -94
20 -93
20 -92
21 -92
20 -96
19 -96
18 -96
18 -95
17 -95
16 -95
19 -97
18 -97
20 -97
31 -87
31 -86
32 -86
31 -85
32 -85
33 -85
33 -84
34 -84
33 -83
34 -83
33 -82
33 -81
32 -84
31 -84
30 -86
30 -87
29 -87
29 -86
29 -85
29 -84
30 -84
30 -83
30 -82
31 -82
31 -81
31 -80
31 -83
30 -81
29 -81
29 -82
30 -85
28 -84
28 -83
29 -83
28 -82
28 -81
28 -85
27 -85
27 -84
26 -85
26 -84
25 -85
25 -84
24 -84
24 -83
25 -83
25 -82
25 -81
26 -81
27 -81
27 -80
26 -80
26 -79
26 -78
27 -78
27 -77
28 -77
29 -77
28 -76
29 -76
27 -76
26 -77
26 -82
27 -82
27 -83
26 -83
25 -80
24 -80
24 -79
24 -78
25 -78
25 -79
24 -77
25 -77
25 -76
26 -76
26 -75
26 -74
25 -74
24 -74
23 -74
23 -73
22 -73
24 -76
23 -76
23 -75
24 -75
23 -77
23 -78
22 -78
22 -77
23 -79
23 -80
22 -80
21 -80
21 -81
22 -81
22 -82
23 -82
24 -82
23 -81
24 -81
22 -83
22 -84
21 -84
21 -83
21 -82
20 -82
20 -83
19 -83
19 -82
18 -82
18 -81
18 -83
17 -83
16 -83
16 -82
16 -81
15 -81
15 -82
15 -83
16 -84
17 -84
18 -84
19 -84
20 -84
20 -85
19 -85
18 -85
18 -86
19 -86
18 -87
19 -87
17 -85
16 -85
21 -85
21 -86
22 -86
23 -86
23 -85
24 -85
22 -85
23 -87
22 -87
22 -88
23 -88
24 -88
24 -87
21 -87
20 -87
20 -86
20 -88
28 -86
27 -86
26 -86
25 -86
24 -86
28 -87
27 -89
22 -89
21 -89
21 -88
23 -91
22 -93
23 -93
21 -93
22 -94
23 -94
20 -90
20 -89
19 -89
19 -88
18 -88
19 -90
18 -90
18 -91
18 -93
18 -92
19 -95
15 -95
14 -95
14 -94
14 -93
13 -93
12 -93
12 -92
12 -91
12 -94
12 -95
12 -96
13 -96
14 -96
15 -96
16 -96
15 -97
14 -97
14 -98
13 -98
12 -98
11 -98
11 -97
10 -97
10 -98
12 -99
12 -100
11 -100
11 -99
10 -99
9 -99
8 -99
8 -98
7 -99
7 -98
6 -99
6 -98
6 -97
7 -97
6 -96
7 -96
8 -96
9 -96
10 -96
10 -95
9 -95
9 -94
9 -93
9 -92
10 -92
10 -93
8 -92
8 -91
9 -91
8 -90
7 -92
7 -93
8 -93
8 -94
7 -94
6 -94
6 -93
5 -94
5 -95
9 -97
9 -98
8 -95
5 -96
4 -96
5 -98
5 -97
4 -97
3 -97
3 -96
3 -95
3 -98
3 -99
4 -99
4 -98
2 -99
1 -99
1 -98
2 -98
2 -97
2 -96
2 -95
2 -94
1 -94
0 -94
0 -93
-1 -93
0 -95
-1 -95
-1 -94
-2 -94
-2 -93
-3 -93
-4 -93
-4 -94
-3 -94
-2 -95
-2 -96
-3 -96
-4 -96
-4 -95
1 -95
1 -96
1 -97
0 -99
-1 -99
-1 -98
-1 -97
0 -97
0 -96
0 -98
-1 -96
-2 -98
-2 -97
-3 -98
-3 -97
-2 -99
-3 -99
-4 -99
-4 -98
-5 -98
-6 -98
-6 -97
-7 -97
-8 -97
-8 -96
-7 -96
-9 -96
-9 -95
-9 -94
-8 -94
-7 -94
-7 -93
-6 -93
-5 -93
-5 -92
-4 -92
-4 -91
-3 -91
-3 -90
-3 -89
-2 -89
-1 -89
-2 -88
-2 -87
-2 -86
-3 -86
-3 -88
-2 -90
-1 -90
-1 -91
-2 -91
-2 -92
-1 -92
0 -92
0 -91
1 -91
2 -91
3 -91
4 -91
4 -92
5 -92
5 -91
5 -93
4 -93
3 -93
4 -94
3 -94
4 -95
3 -90
2 -90
2 -89
3 -89
2 -88
1 -89
1 -90
0 -90
2 -92
1 -92
-4 -90
-4 -89
-4 -88
-5 -88
-5 -87
-5 -86
-6 -87
-6 -86
-6 -85
-5 -85
-4 -85
-3 -85
-2 -85
-5 -84
-4 -84
-5 -83
-4 -83
-3 -83
-2 -83
-2 -84
-3 -82
-3 -81
-2 -81
-1 -81
0 -81
0 -80
1 -80
1 -79
2 -79
1 -78
-1 -80
-1 -79
-2 -80
-3 -80
-4 -80
-4 -79
-3 -79
-2 -79
-3 -78
-2 -78
-2 -77
-2 -76
-3 -77
-3 -76
-4 -78
-4 -77
-4 -81
-4 -82
-5 -82
-6 -82
-6 -81
-6 -80
-5 -80
-5 -79
-6 -79
-6 -78
-7 -79
-7 -78
-8 -78
-8 -77
-9 -77
-10 -77
-10 -76
-11 -77
-11 -76
-11 -75
-10 -75
-10 -74
-11 -74
-12 -74
-12 -73
-13 -73
-13 -72
-12 -72
-13 -71
-13 -70
-12 -70
-12 -69
-12 -68
-11 -68
-10 -68
-10 -67
-10 -69
-11 -69
-11 -67
-11 -66
-10 -66
-9 -66
-9 -67
-8 -67
-8 -66
-8 -68
-7 -68
-6 -68
-5 -68
-5 -67
-6 -67
-6 -66
-7 -67
-7 -66
-8 -69
-8 -70
-7 -70
-7 -69
-6 -69
-5 -69
-6 -70
-5 -70
-6 -71
-7 -71
-8 -71
-8 -72
-7 -72
-6 -72
-5 -72
-5 -73
-6 -73
-7 -73
-8 -73
-9 -73
-9 -72
-10 -73
-10 -72
-10 -71
-9 -71
-10 -70
-9 -70
-9 -69
-9 -68
-11 -70
-11 -71
-11 -72
-11 -73
-9 -74
-9 -75
-9 -76
-8 -76
-6 -74
-5 -74
-4 -74
-7 -74
-8 -74
-8 -75
-6 -75
-5 -75
-7 -75
-6 -76
-5 -76
-5 -77
-5 -78
-6 -77
-7 -77
-12 -66
-12 -65
-11 -65
-10 -65
-12 -64
-11 -64
-10 -64
-10 -63
-9 -63
-8 -63
-10 -62
-10 -61
-9 -61
-9 -62
-11 -61
-12 -61
-12 -60
-13 -60
-13 -59
-11 -62
-12 -62
-11 -63
-12 -63
-13 -63
-13 -62
-13 -64
-14 -64
-14 -63
-15 -64
-15 -65
-14 -65
-13 -65
-13 -66
-14 -66
-14 -67
-16 -65
-15 -66
-15 -67
-16 -67
-16 -68
-15 -68
-14 -68
-13 -68
-17 -68
-17 -69
-16 -69
-15 -69
-12 -71
-13 -69
-14 -71
-13 -74
-12 -76
-12 -77
-11 -78
-10 -78
-8 -79
-9 -79
-8 -80
-9 -80
-10 -80
-11 -80
-10 -81
-9 -81
-8 -81
-8 -82
-7 -82
-7 -81
-11 -81
-10 -82
-9 -82
-10 -83
-11 -83
-11 -82
-11 -84
-10 -84
-12 -84
-12 -83
-12 -82
-13 -82
-13 -84
-13 -83
-14 -83
-14 -84
-14 -85
-13 -85
-12 -85
-11 -85
-10 -85
-9 -85
-8 -85
-8 -84
-7 -84
-7 -83
-6 -83
-8 -83
-7 -80
-6 -84
-7 -85
-7 -86
-8 -86
-9 -86
-8 -87
-7 -87
-7 -88
-6 -88
-6 -89
-5 -89
-5 -90
-6 -90
-7 -90
-7 -89
-8 -90
-8 -89
-9 -89
-7 -91
-8 -88
-9 -88
-9 -87
-5 -91
-6 -91
-6 -92
-8 -93
-8 -92
-8 -91
-9 -93
-9 -92
-9 -91
-10 -92
-10 -91
-11 -92
-11 -91
-11 -90
-12 -92
-8 -95
-7 -95
-10 -94
-10 -95
-11 -95
-12 -95
-12 -94
-13 -95
-13 -94
-13 -93
-12 -93
-11 -93
-11 -94
-13 -92
-13 -91
-14 -93
-14 -92
-15 -92
-15 -91
-14 -91
-15 -90
-15 -89
-14 -89
-14 -90
-13 -90
-13 -89
-12 -89
-11 -89
-10 -89
-12 -88
-12 -87
-12 -86
-13 -88
-13 -87
-14 -87
-14 -86
-15 -88
-16 -88
-16 -87
-15 -87
-15 -86
-15 -85
-15 -84
-16 -84
-16 -86
-16 -85
-17 -85
-18 -85
-19 -85
-20 -85
-20 -84
-19 -84
-21 -84
-21 -83
-21 -85
-17 -86
-17 -87
-17 -88
-17 -89
-16 -92
-16 -91
-16 -93
-15 -93
-15 -94
-14 -94
-16 -94
-16 -95
-15 -95
-14 -95
-14 -96
-14 -97
-14 -98
-15 -96
-16 -96
-16 -97
-15 -97
-17 -97
-16 -98
-16 -99
-16 -100
-15 -100
-14 -100
-13 -100
-12 -100
-11 -100
-11 -99
-12 -99
-13 -99
-13 -98
-12 -98
-12 -97
-13 -97
-12 -101
-11 -101
-11 -102
-10 -102
-13 -101
-14 -101
-15 -101
-14 -102
-17 -100
-17 -93
-17 -92
-18 -93
-18 -92
-18 -91
-18 -90
-19 -90
-19 -89
-19 -91
-17 -94
-17 -95
-18 -95
-18 -94
-19 -95
-20 -95
-20 -94
-19 -94
-19 -93
-20 -93
-21 -94
-22 -94
-22 -93
-22 -92
-22 -91
-21 -91
-21 -90
-22 -90
-23 -90
-23 -89
-23 -88
-22 -88
-21 -88
-21 -87
-21 -86
-22 -87
-22 -86
-23 -86
-23 -85
-22 -85
-22 -84
-24 -85
-24 -84
-25 -84
-25 -83
-24 -83
-23 -83
-22 -83
-22 -82
-21 -82
-22 -81
-21 -81
-21 -80
-21 -79
-22 -79
-22 -78
-22 -77
-23 -78
-23 -77
-23 -76
-22 -76
-21 -76
-20 -76
-20 -75
-20 -77
-19 -77
-18 -77
-18 -76
-17 -76
-17 -77
-17 -78
-16 -78
-16 -77
-16 -79
-15 -79
-16 -80
-18 -78
-19 -78
-20 -78
-21 -78
-17 -79
-18 -79
-19 -79
-19 -80
-18 -80
-17 -80
-18 -81
-19 -81
-20 -81
-19 -82
-20 -82
-20 -83
-19 -83
-18 -83
-17 -83
-18 -82
-17 -82
-16 -82
-16 -81
-15 -81
-14 -81
-13 -81
-12 -81
-13 -80
-12 -80
-14 -80
-14 -79
-14 -78
-13 -78
-14 -77
-15 -80
-14 -82
-15 -82
-17 -81
-19 -76
-21 -75
-22 -75
-22 -74
-21 -74
-23 -74
-23 -73
-22 -73
-23 -72
-23 -71
-23 -70
-23 -69
-23 -68
-23 -67
-23 -66
-23 -65
-23 -64
-24 -65
-24 -64
-25 -64
-26 -64
-26 -63
-25 -63
-24 -63
-23 -63
-24 -62
-25 -62
-26 -62
-26 -61
-27 -61
-28 -61
-28 -60
-27 -60
-27 -59
-26 -59
-26 -58
-27 -58
-28 -58
-28 -57
-29 -58
-29 -57
-30 -57
-30 -56
-29 -56
-29 -55
-30 -55
-31 -55
-31 -54
-32 -54
-33 -54
-33 -53
-33 -52
-34 -52
-34 -51
-33 -51
-33 -50
-34 -50
-34 -49
-34 -48
-35 -50
-36 -50
-36 -49
-35 -49
-35 -48
-37 -50
-36 -51
-35 -51
-35 -52
-36 -52
-37 -52
-37 -51
-38 -52
-39 -52
-39 -53
-39 -54
-38 -54
-37 -54
-37 -53
-36 -53
-35 -53
-34 -53
-35 -54
-35 -55
-34 -55
-34 -54
-34 -56
-33 -56
-33 -55
-32 -55
-32 -56
-31 -56
-32 -57
-33 -57
-34 -57
-35 -57
-36 -57
-37 -57
-37 -58
-38 -58
-36 -58
-35 -58
-36 -59
-34 -58
-33 -58
-32 -58
-31 -58
-30 -58
-30 -59
-29 -59
-29 -60
-30 -60
-31 -60
-31 -59
-32 -59
-31 -61
-31 -62
-30 -62
-29 -61
-30 -61
-33 -59
-34 -59
-34 -60
-35 -60
-35 -59
-36 -55
-36 -54
-38 -53
-38 -55
-37 -55
-39 -55
-40 -55
-41 -55
-40 -56
-39 -56
-38 -56
-39 -57
-39 -58
-39 -59
-38 -59
-37 -59
-38 -60
-39 -60
-40 -59
-40 -58
-41 -56
-41 -57
-41 -58
-42 -58
-41 -59
-41 -60
-40 -60
-40 -57
-40 -54
-41 -54
-41 -53
-40 -53
-31 -57
-28 -59
-27 -62
-27 -63
-28 -63
-28 -62
-29 -63
-29 -62
-26 -65
-25 -65
-26 -66
-25 -66
-27 -66
-27 -65
-27 -64
-28 -66
-28 -65
-28 -64
-29 -65
-29 -64
-26 -67
-24 -66
-24 -67
-24 -69
-24 -71
-24 -70
-25 -70
-25 -71
-26 -71
-27 -71
-27 -70
-26 -70
-26 -69
-26 -68
-27 -68
-28 -68
-28 -67
-27 -67
-29 -67
-30 -67
-30 -66
-31 -66
-31 -65
-30 -65
-31 -64
-30 -64
-31 -67
-32 -67
-31 -68
-30 -68
-29 -68
-30 -69
-29 -69
-28 -69
-29 -70
-28 -70
-30 -70
-31 -70
-31 -69
-29 -71
-28 -71
-29 -72
-28 -72
-28 -73
-29 -73
-28 -74
-27 -69
-24 -72
-25 -72
-26 -72
-26 -73
-27 -73
-24 -74
-24 -75
-25 -75
-25 -76
-25 -77
-25 -78
-24 -78
-24 -77
-26 -78
-27 -78
-28 -78
-28 -79
-29 -79
-29 -78
-29 -77
-30 -77
-30 -76
-29 -76
-30 -78
-31 -78
-31 -77
-31 -76
-31 -75
-32 -76
-32 -75
-33 -75
-33 -74
-32 -74
-33 -73
-34 -73
-34 -72
-35 -72
-36 -72
-36 -71
-35 -71
-35 -70
-36 -70
-36 -69
-35 -69
-34 -69
-33 -69
-33 -68
-34 -70
-33 -70
-33 -71
-32 -71
-31 -71
-30 -71
-31 -72
-30 -72
-32 -70
-32 -69
-32 -72
-35 -68
-36 -68
-37 -71
-37 -70
-37 -72
-38 -72
-38 -71
-38 -73
-37 -73
-36 -73
-37 -74
-36 -74
-36 -75
-35 -75
-34 -75
-34 -74
-35 -74
-37 -75
-36 -76
-35 -76
-35 -77
-36 -77
-36 -78
-36 -79
-37 -79
-35 -73
-33 -76
-34 -76
-34 -77
-33 -77
-32 -77
-32 -78
-33 -78
-32 -79
-31 -79
-30 -79
-30 -80
-29 -80
-28 -80
-27 -80
-26 -80
-25 -80
-25 -79
-26 -79
-27 -79
-27 -81
-26 -81
-25 -81
-24 -76
-23 -75
-23 -79
-24 -79
-22 -80
-23 -82
-23 -81
-24 -81
-24 -82
-25 -82
-26 -82
-23 -84
-26 -83
-27 -83
-27 -82
-28 -83
-27 -84
-26 -84
-26 -85
-24 -86
-25 -86
-25 -85
-25 -87
-26 -87
-26 -86
-26 -88
-27 -88
-27 -87
-27 -86
-27 -85
-28 -85
-29 -85
-29 -86
-30 -86
-31 -86
-31 -85
-31 -84
-32 -84
-32 -85
-32 -86
-29 -87
-28 -87
-28 -88
-28 -89
-27 -89
-27 -90
-28 -90
-28 -91
-27 -91
-26 -91
-25 -91
-25 -90
-24 -90
-24 -89
-24 -91
-23 -91
-24 -92
-24 -93
-25 -89
-27 -92
-28 -92
-29 -89
-29 -88
-29 -90
-30 -87
-31 -87
-30 -88
-31 -88
-30 -89
-31 -89
-30 -90
-31 -90
-31 -91
-30 -91
-25 -88
-24 -88
-24 -87
-22 -89
-23 -87
-23 -92
-21 -95
-22 -95
-23 -95
-23 -94
-24 -94
-25 -94
-26 -94
-26 -95
-25 -95
-24 -95
-24 -96
-25 -96
-24 -97
-23 -97
-22 -97
-23 -96
-22 -96
-23 -98
-24 -98
-24 -99
-25 -99
-25 -98
-25 -97
-26 -96
-26 -97
-27 -97
-27 -96
-28 -97
-28 -96
-28 -95
-27 -95
-27 -94
-27 -93
-28 -94
-29 -94
-29 -95
-30 -95
-31 -95
-31 -94
-31 -93
-32 -93
-32 -94
-33 -94
-33 -93
-34 -93
-34 -92
-34 -91
-35 -91
-36 -91
-35 -92
-36 -92
-35 -93
-36 -93
-36 -94
-34 -94
-34 -95
-35 -95
-36 -95
-37 -95
-38 -95
-38 -94
-38 -93
-38 -92
-37 -92
-38 -91
-37 -91
-37 -90
-36 -90
-36 -89
-37 -89
-37 -88
-36 -88
-35 -88
-38 -88
-38 -87
-39 -88
-40 -88
-40 -87
-40 -86
-40 -85
-39 -85
-38 -85
-38 -86
-37 -86
-36 -86
-37 -87
-39 -86
-39 -87
-39 -84
-41 -88
-41 -87
-41 -86
-38 -89
-38 -90
-39 -90
-40 -90
-40 -91
-39 -91
-39 -92
-39 -93
-40 -93
-41 -91
-42 -91
-42 -90
-42 -89
-41 -89
-40 -89
-39 -89
-41 -90
-43 -91
-44 -91
-43 -92
-42 -92
-41 -92
-40 -92
-41 -93
-41 -94
-42 -94
-42 -93
-43 -93
-44 -93
-43 -94
-42 -95
-41 -95
-40 -95
-40 -96
-39 -96
-39 -95
-39 -97
-38 -97
-41 -96
-42 -96
-43 -96
-42 -97
-43 -97
-44 -97
-45 -97
-45 -96
-46 -96
-46 -95
-46 -94
-46 -97
-47 -97
-47 -96
-48 -96
-48 -97
-48 -98
-47 -98
-46 -98
-45 -98
-45 -99
-45 -100
-44 -100
-44 -101
-43 -101
-43 -102
-42 -102
-41 -102
-41 -101
-41 -100
-41 -99
-40 -99
-39 -99
-39 -98
-38 -98
-38 -99
-37 -99
-37 -98
-37 -100
-36 -100
-36 -99
-38 -100
-38 -101
-39 -101
-40 -101
-39 -102
-38 -102
-39 -100
-40 -98
-41 -98
-42 -99
-43 -99
-44 -99
-44 -98
-42 -101
-42 -100
-41 -103
-40 -103
-40 -102
-40 -104
-46 -100
-47 -100
-47 -99
-46 -99
-47 -101
-47 -102
-46 -102
-46 -101
-45 -101
-47 -103
-48 -103
-48 -102
-48 -101
-49 -103
-48 -104
-49 -104
-50 -104
-49 -98
-50 -98
-50 -97
-50 -96
-49 -96
-50 -95
-49 -95
-48 -95
-47 -95
-50 -94
-49 -94
-49 -93
-48 -93
-47 -93
-47 -92
-48 -92
-48 -94
-47 -94
-50 -93
-50 -92
-49 -92
-49 -91
-48 -91
-51 -92
-51 -91
-50 -91
-50 -90
-51 -90
-51 -89
-50 -89
-49 -89
-52 -89
-53 -89
-54 -89
-53 -90
-54 -90
-52 -91
-52 -90
-53 -91
-53 -92
-53 -93
-54 -93
-54 -92
-54 -91
-55 -92
-55 -93
-55 -94
-54 -94
-53 -94
-56 -94
-51 -93
-51 -95
-51 -94
-52 -95
-52 -96
-51 -96
-51 -97
-52 -97
-53 -97
-53 -96
-54 -96
-54 -95
-53 -95
-55 -96
-54 -97
-54 -98
-50 -99
-49 -99
-49 -100
-48 -100
-42 -98
-43 -98
-41 -97
-40 -97
-43 -95
-44 -95
-45 -95
-45 -94
-44 -94
-44 -92
-45 -92
-45 -91
-45 -90
-44 -90
-43 -90
-46 -90
-46 -89
-45 -89
-47 -89
-47 -88
-47 -87
-46 -87
-46 -86
-46 -85
-45 -85
-44 -85
-43 -85
-43 -84
-44 -84
-44 -83
-43 -83
-42 -83
-42 -84
-41 -84
-41 -83
-40 -83
-39 -83
-41 -85
-42 -85
-42 -86
-43 -82
-42 -82
-45 -83
-45 -82
-44 -82
-44 -81
-45 -81
-45 -80
-44 -80
-45 -79
-44 -79
-45 -78
-44 -78
-43 -78
-43 -77
-42 -77
-42 -76
-41 -76
-40 -76
-40 -75
-40 -77
-39 -77
-38 -77
-37 -77
-37 -76
-37 -78
-38 -78
-38 -79
-38 -80
-38 -81
-39 -81
-39 -80
-39 -79
-39 -78
-40 -79
-41 -79
-41 -80
-40 -80
-42 -80
-42 -81
-41 -81
-38 -82
-37 -82
-39 -82
-40 -82
-40 -81
-38 -83
-37 -83
-37 -84
-36 -84
-35 -84
-34 -84
-33 -84
-34 -83
-33 -83
-32 -83
-31 -83
-31 -82
-30 -82
-30 -81
-31 -81
-31 -80
-30 -83
-29 -83
-29 -82
-29 -81
-30 -84
-32 -82
-32 -81
-32 -80
-34 -85
-33 -85
-35 -83
-35 -82
-34 -82
-35 -81
-35 -80
-36 -80
-36 -81
-36 -82
-36 -83
-38 -84
-38 -76
-39 -76
-41 -77
-41 -78
-40 -78
-41 -75
-41 -74
-41 -73
-40 -73
-39 -73
-39 -72
-39 -71
-39 -70
-38 -70
-38 -69
-38 -68
-37 -68
-40 -70
-40 -69
-41 -70
-41 -71
-40 -71
-40 -72
-41 -72
-42 -72
-42 -71
-42 -70
-42 -69
-43 -69
-43 -70
-43 -71
-44 -71
-45 -71
-45 -70
-45 -69
-44 -69
-44 -68
-43 -68
-45 -68
-46 -69
-46 -68
-46 -71
-46 -72
-47 -72
-47 -71
-48 -71
-48 -70
-48 -72
-45 -72
-44 -72
-43 -72
-43 -73
-44 -73
-40 -74
-42 -75
-42 -74
-42 -73
-43 -75
-43 -74
-44 -75
-45 -75
-45 -76
-46 -76
-47 -76
-47 -77
-43 -76
-44 -76
-44 -77
-45 -77
-42 -78
-42 -79
-43 -79
-46 -81
-46 -80
-46 -79
-46 -82
-46 -83
-45 -84
-45 -86
-46 -84
-47 -84
-47 -85
-48 -85
-49 -85
-49 -86
-48 -86
-50 -86
-50 -85
-50 -84
-49 -84
-48 -84
-49 -83
-48 -83
-50 -83
-50 -82
-49 -82
-48 -82
-48 -81
-48 -80
-49 -81
-49 -80
-50 -81
-51 -82
-52 -82
-52 -83
-51 -83
-51 -86
-50 -87
-47 -86
-47 -90
-48 -90
-48 -89
-47 -91
-46 -91
-46 -92
-46 -93
-45 -93
-38 -96
-36 -96
-36 -97
-37 -97
-36 -98
-32 -95
-33 -95
-33 -96
-32 -96
-31 -96
-32 -97
-32 -98
-30 -96
-28 -98
-21 -96
-17 -96
-18 -96
-13 -96
-12 -96
-11 -96
-10 -96
-10 -97
-11 -97
-11 -98
-9 -97
-7 -98
-8 -98
-8 -99
-7 -99
-6 -99
-5 -99
-6 -100
-5 -100
-6 -101
-7 -100
-7 -101
-8 -101
-8 -100
-9 -100
-10 -100
-9 -101
-8 -102
-9 -102
-8 -103
-9 -99
-9 -98
-10 -99
-10 -98
-3 -100
-4 -100
-1 -100
-2 -100
-1 -101
-2 -101
-2 -102
-1 -102
0 -102
1 -102
2 -102
3 -102
3 -103
4 -103
5 -103
5 -102
4 -102
4 -101
5 -101
6 -101
7 -101
5 -100
6 -100
5 -99
4 -100
3 -100
3 -101
2 -103
1 -103
1 -104
2 -104
3 -104
3 -105
3 -106
3 -107
3 -108
3 -109
3 -110
2 -110
2 -109
1 -110
2 -111
1 -111
0 -111
-1 -111
-2 -111
-1 -112
-2 -112
-3 -112
-3 -113
-2 -113
2 -112
1 -112
0 -112
1 -113
0 -113
0 -114
-1 -114
-2 -114
-2 -115
-1 -115
-1 -116
0 -116
1 -116
2 -116
3 -116
3 -115
4 -115
4 -114
5 -114
6 -114
7 -114
8 -114
8 -113
7 -113
6 -115
7 -115
6 -116
7 -116
5 -116
4 -116
4 -117
3 -117
2 -117
1 -117
0 -117
-1 -117
-2 -117
-2 -118
-1 -118
-1 -119
-2 -119
-3 -118
-3 -117
-3 -116
-2 -116
-4 -116
-5 -116
-5 -117
-4 -117
-5 -118
-4 -118
-5 -119
-4 -119
-4 -120
-3 -120
-5 -120
-6 -120
-7 -120
-7 -121
-8 -121
-9 -121
-9 -120
-8 -120
-8 -119
-9 -119
-9 -118
-10 -118
-10 -119
-11 -119
-12 -119
-12 -118
-12 -117
-11 -117
-10 -117
-12 -116
-11 -116
-13 -119
-13 -118
-12 -120
-11 -120
-10 -120
-11 -121
-12 -121
-12 -122
-11 -122
-12 -123
-11 -123
-12 -124
-11 -124
-13 -120
-13 -121
-14 -121
-15 -121
-15 -120
-14 -120
-14 -119
-14 -118
-14 -117
-13 -117
-13 -116
-15 -117
-15 -116
-15 -115
-14 -115
-14 -114
-14 -116
-15 -119
-15 -118
-16 -120
-16 -119
-16 -118
-17 -118
-17 -119
-18 -119
-18 -118
-18 -120
-18 -121
-18 -122
-19 -122
-19 -121
-19 -120
-20 -122
-20 -123
-19 -123
-18 -123
-17 -123
-16 -123
-17 -122
-16 -122
-15 -122
-15 -123
-16 -121
-17 -121
-17 -120
-18 -124
-18 -125
-17 -125
-18 -126
-17 -126
-18 -127
-19 -127
-19 -126
-19 -128
-18 -128
-17 -128
-16 -128
-19 -129
-14 -122
-13 -122
-13 -123
-14 -123
-13 -124
-14 -124
-10 -121
-8 -122
-7 -122
-7 -123
-6 -121
-4 -121
-3 -121
-2 -121
-1 -121
-1 -120
-2 -120
-3 -122
-4 -122
6 -117
7 -117
8 -117
9 -117
9 -116
10 -116
10 -115
10 -114
9 -114
9 -115
8 -115
8 -116
8 -118
7 -118
6 -118
6 -119
7 -119
8 -119
9 -119
9 -120
10 -120
11 -120
12 -120
13 -120
13 -119
13 -118
14 -118
14 -117
13 -117
14 -119
15 -119
15 -118
12 -118
12 -119
11 -119
10 -119
12 -121
13 -121
12 -122
13 -122
14 -122
15 -122
16 -122
17 -122
18 -122
19 -122
19 -121
18 -121
18 -120
18 -119
18 -118
19 -118
18 -117
17 -118
16 -118
16 -119
17 -119
17 -121
16 -121
17 -123
16 -123
14 -123
13 -123
12 -123
11 -123
11 -122
10 -122
9 -122
9 -121
10 -121
13 -124
6 -120
5 -120
5 -115
4 -113
5 -113
3 -114
2 -115
1 -115
1 -114
2 -114
0 -115
2 -113
3 -113
3 -112
3 -111
2 -105
1 -105
0 -105
0 -104
2 -106
2 -107
1 -107
1 -106
0 -107
0 -108
1 -108
2 -108
1 -101
2 -101
0 -101
-1 -103
0 -103
-3 -102
-3 -101
-4 -101
-5 -101
-4 -102
-5 -102
-6 -102
-6 -103
-7 -103
-5 -103
-4 -103
-4 -104
-3 -104
-5 -104
-6 -104
-7 -104
-7 -105
-6 -105
-4 -105
-4 -106
-3 -106
-2 -106
-1 -106
-1 -105
-1 -104
-1 -107
-3 -105
-2 -105
-5 -106
-5 -105
-6 -106
-7 -106
-6 -107
-5 -107
-4 -107
-4 -108
-5 -108
-6 -108
-5 -109
-4 -109
-3 -109
-2 -109
-3 -110
-3 -111
-4 -111
-4 -110
-4 -112
-5 -112
-6 -112
-7 -112
-4 -113
-4 -114
-5 -114
-4 -115
-6 -109
7 -100
8 -100
8 -101
9 -101
10 -101
9 -100
10 -100
11 -101
12 -101
13 -101
13 -100
14 -100
15 -100
16 -100
17 -100
18 -100
19 -100
20 -100
20 -101
21 -101
22 -101
23 -101
23 -100
24 -100
24 -101
25 -101
25 -100
26 -100
26 -101
26 -102
25 -102
25 -99
24 -102
22 -100
22 -102
23 -102
23 -103
24 -103
21 -102
20 -102
19 -102
18 -102
18 -103
19 -103
18 -104
19 -104
18 -105
19 -105
20 -105
21 -105
21 -106
22 -106
22 -107
23 -107
23 -108
24 -108
24 -109
19 -106
18 -106
17 -106
17 -105
18 -107
19 -107
17 -107
22 -103
22 -104
18 -101
17 -101
17 -102
17 -103
16 -103
16 -102
16 -101
14 -99
15 -99
13 -99
13 -102
12 -102
13 -103
12 -103
15 -98
16 -98
16 -97
13 -97
11 -96
11 -95
12 -97
13 -94
13 -95
13 -92
10 -90
10 -89
9 -89
9 -88
8 -88
7 -88
6 -88
6 -87
5 -87
6 -89
7 -89
8 -89
7 -90
5 -89
5 -88
4 -88
3 -88
3 -87
4 -87
9 -90
11 -85
11 -87
11 -88
10 -85
9 -85
9 -84
10 -87
10 -88
7 -87
5 -85
4 -85
4 -84
1 -86
1 -87
6 -82
6 -83
7 -83
5 -83
5 -79
10 -80
12 -81
13 -81
13 -82
14 -82
12 -82
11 -82
11 -83
12 -83
11 -84
12 -84
13 -84
13 -85
14 -85
15 -85
14 -84
15 -84
14 -86
15 -86
12 -85
14 -81
13 -77
12 -77
10 -75
16 -73
13 -66
12 -68
12 -67
11 -67
11 -66
14 -70
14 -71
14 -72
11 -69
11 -68
10 -68
9 -68
10 -69
11 -71
11 -70
10 -71
10 -72
9 -74
8 -74
8 -72
9 -72
7 -72
7 -74
7 -75
8 -75
6 -75
6 -72
5 -72
6 -74
4 -74
3 -74
3 -73
1 -72
0 -72
-1 -72
1 -74
0 -74
0 -75
-1 -75
-1 -74
-2 -75
-2 -74
-3 -74
-3 -75
-4 -75
-3 -70
-1 -66
-1 -67
-2 -67
-2 -68
-1 -68
0 -68
1 -68
1 -67
2 -67
2 -66
3 -66
3 -65
4 -65
4 -64
4 -63
3 -63
3 -64
3 -67
4 -67
5 -67
5 -68
4 -68
3 -68
4 -69
3 -69
2 -69
3 -70
3 -71
4 -71
5 -71
4 -70
2 -65
2 -64
1 -65
2 -68
1 -66
0 -66
0 -65
0 -67
0 -64
1 -64
6 -60
7 -60
8 -60
7 -59
5 -56
4 -56
4 -55
5 -55
5 -54
5 -53
5 -52
5 -51
6 -51
6 -52
7 -52
5 -50
4 -53
4 -52
4 -51
3 -51
3 -50
4 -54
3 -54
3 -53
2 -54
1 -54
3 -55
4 -57
5 -57
6 -57
3 -57
3 -56
2 -56
2 -55
10 -55
9 -55
9 -56
10 -56
11 -55
17 -42
13 -41
13 -40
14 -40
14 -41
15 -41
16 -41
16 -40
16 -39
17 -39
18 -39
19 -39
20 -39
20 -38
21 -38
21 -37
22 -37
22 -36
23 -36
23 -35
24 -35
24 -34
23 -34
21 -36
21 -35
22 -35
22 -34
22 -33
23 -33
21 -33
21 -32
20 -33
20 -34
19 -34
20 -35
20 -36
21 -39
19 -38
19 -37
20 -37
18 -37
17 -37
17 -36
16 -36
16 -35
15 -35
16 -37
15 -37
15 -38
16 -38
17 -38
18 -38
17 -40
18 -40
17 -41
18 -41
19 -41
15 -39
15 -40
13 -39
14 -39
14 -38
13 -38
12 -39
11 -43
10 -42
9 -42
9 -43
10 -43
8 -43
8 -42
7 -42
6 -42
5 -42
5 -41
5 -40
5 -39
4 -40
5 -43
6 -43
7 -43
7 -44
8 -44
6 -44
5 -38
6 -35
2 -35
1 -35
1 -34
1 -36
2 -36
2 -37
2 -38
3 -38
4 -38
4 -39
3 -39
2 -39
2 -40
3 -40
3 -37
3 -36
1 -38
1 -39
1 -40
1 -41
2 -41
2 -42
7 -26
5 -27
5 -26
6 -26
5 -25
6 -25
7 -25
8 -25
7 -24
7 -23
8 -23
7 -22
6 -23
4 -25
4 -24
3 -25
2 -25
2 -24
3 -24
3 -23
2 -23
1 -26
1 -25
0 -26
-2 -28
-2 -29
-3 -29
-4 -31
-5 -31
-6 -30
-7 -30
-9 -28
-10 -28
-10 -27
-11 -28
-12 -28
-11 -29
-12 -29
-12 -30
-12 -31
-11 -30
-10 -29
-10 -26
-12 -25
-12 -24
-4 -24
-3 -26
-2 -26
-1 -26
-2 -21
-5 -19
-5 -18
-6 -18
-5 -9
-6 -11
-7 -11
-6 -9
0 -8
1 -8
2 -8
3 -8
4 -8
5 -8
5 -7
4 -7
3 -7
3 -6
2 -9
1 -9
0 -6
0 -4
-3 -2
-4 -2
-5 -4
-3 1
-3 0
-2 -2
