4533
0 0
-1 0
-1 1
-1 2
0 2
1 2
2 2
2 3
3 3
3 4
1 3
1 4
1 5
2 5
3 5
2 6
3 6
2 4
1 6
0 6
0 5
-1 5
1 1
-1 -1
0 -1
1 -1
2 -1
2 0
2 1
3 1
4 1
5 1
5 2
6 2
6 1
5 3
5 4
6 4
6 3
7 3
8 3
8 4
8 5
8 6
7 5
7 6
7 4
8 2
9 2
10 2
11 2
12 2
12 1
11 1
11 0
10 0
10 -1
11 -1
12 -1
13 -1
14 -1
15 -1
16 -1
16 -2
17 -2
17 -1
15 -2
14 -2
16 -3
10 1
9 3
9 1
9 0
9 -1
8 -1
9 -2
7 2
7 1
5 5
5 6
5 7
6 7
7 7
8 7
9 7
9 8
9 9
10 9
10 8
8 9
7 9
7 10
8 10
9 10
10 10
11 10
11 9
11 8
10 11
10 12
11 12
12 12
13 12
13 13
12 13
12 14
12 15
13 15
13 14
14 14
14 15
14 16
12 16
11 16
11 15
10 15
9 15
9 16
9 17
10 17
10 16
9 14
11 14
11 13
10 13
9 13
8 13
8 14
8 15
7 15
7 13
8 12
13 11
14 11
12 11
11 11
12 10
13 10
13 9
14 9
15 9
15 10
15 11
15 12
14 12
14 10
14 8
12 9
7 11
8 11
9 11
6 11
6 12
5 11
6 10
6 9
5 9
5 10
4 10
4 11
4 12
5 12
4 13
5 13
6 13
6 14
4 14
5 14
4 15
4 16
3 15
3 16
3 17
4 17
5 17
5 16
5 15
2 17
3 14
3 13
3 10
2 10
2 11
3 11
2 12
2 13
1 12
1 13
2 9
4 9
3 9
8 8
9 6
6 6
6 5
4 6
4 5
4 4
4 2
4 3
3 2
4 0
5 0
6 0
6 -1
7 -1
7 -2
7 -3
8 -3
8 -2
8 -4
7 -4
8 -5
9 -5
6 -3
6 -4
5 -4
4 -4
4 -5
5 -5
6 -5
5 -1
5 -2
6 -2
4 -2
4 -1
3 -1
3 0
3 -2
2 -2
1 -2
1 -3
0 -3
0 -2
-1 -3
-2 -3
-2 -2
-2 -1
-2 0
-3 0
-3 1
-2 1
-3 2
-2 2
-4 0
-4 1
-5 1
-5 2
-5 3
-5 4
-4 4
-3 4
-4 5
-4 6
-4 7
-4 8
-3 8
-3 7
-2 7
-1 7
-1 8
-1 9
-2 8
-2 9
-4 9
-3 9
-3 10
-4 10
-5 10
-6 10
-6 11
-7 10
-7 11
-7 12
-7 13
-7 14
-6 14
-5 14
-4 14
-4 15
-4 13
-3 13
-2 13
-1 13
0 13
-1 12
0 12
-2 12
-3 12
-4 12
-5 12
-5 11
-4 11
-3 11
-2 11
-2 10
-1 10
-1 11
0 11
0 10
0 9
1 9
1 8
0 8
0 7
1 7
2 7
3 7
4 7
3 8
4 8
5 8
2 8
-5 13
-6 13
-6 15
-7 15
-7 16
-7 17
-7 18
-6 18
-6 17
-5 17
-6 16
-8 17
-8 18
-8 19
-7 19
-7 20
-7 21
-8 21
-9 21
-10 21
-8 20
-9 20
-10 20
-9 18
-10 18
-10 19
-11 19
-11 20
-11 21
-11 22
-10 22
-10 23
-9 23
-8 23
-8 24
-7 24
-6 24
-6 25
-7 25
-6 23
-8 22
-9 24
-9 22
-12 20
-13 20
-13 21
-12 21
-14 21
-14 22
-15 22
-15 21
-16 21
-15 20
-14 20
-13 19
-14 19
-14 18
-13 18
-15 18
-12 19
-12 18
-12 17
-13 17
-11 18
-11 17
-10 17
-9 17
-9 16
-10 16
-11 16
-9 15
-8 16
-8 15
-8 12
-9 12
-9 13
-9 14
-10 14
-10 15
-11 15
-11 14
-11 13
-12 13
-12 14
-11 12
-10 12
-10 11
-9 11
-9 10
-10 10
-11 10
-11 9
-10 9
-9 9
-9 8
-8 8
-8 7
-9 7
-9 6
-8 6
-7 6
-6 6
-6 7
-6 5
-6 4
-7 5
-8 5
-10 6
-10 7
-10 8
-9 5
-10 5
-11 5
-12 5
-12 6
-11 6
-13 5
-13 6
-13 7
-12 7
-13 8
-12 8
-12 9
-12 10
-12 11
-12 12
-13 10
-13 9
-14 9
-14 10
-15 10
-15 11
-14 11
-15 12
-16 10
-17 10
-17 9
-16 9
-16 8
-17 8
-18 8
-19 8
-19 9
-19 10
-19 7
-18 7
-20 7
-21 7
-22 7
-22 6
-21 6
-22 5
-21 5
-21 4
-20 4
-19 4
-20 3
-21 3
-22 3
-23 3
-23 2
-22 2
-21 2
-20 2
-19 2
-18 2
-17 2
-16 2
-16 3
-16 4
-17 3
-17 4
-17 5
-16 5
-16 6
-17 6
-17 7
-18 6
-19 6
-20 6
-20 5
-19 5
-18 5
-18 3
-19 1
-18 1
-18 0
-20 1
-19 0
-19 -1
-20 -1
-20 0
-21 0
-21 1
-22 1
-23 1
-24 1
-24 0
-25 0
-22 0
-23 0
-22 -1
-22 -2
-21 -2
-21 -1
-21 -3
-20 -3
-20 -2
-19 -2
-19 -3
-19 -4
-22 -3
-23 -3
-24 -3
-24 -2
-23 -2
-23 -1
-24 -1
-25 -2
-26 -2
-25 -3
-22 -4
-23 -4
-23 -5
-22 -5
-21 -5
-20 -5
-19 -5
-20 -6
-19 -6
-18 -6
-18 -5
-19 -7
-21 -6
-20 -7
-21 -4
-22 -6
-22 -7
-22 -8
-24 -5
-24 -4
-25 -4
-25 -5
-25 -6
-26 -6
-26 -5
-27 -5
-27 -4
-28 -4
-28 -3
-28 -2
-28 -1
-29 -2
-29 -1
-29 0
-29 1
-28 1
-28 2
-27 2
-27 1
-26 1
-26 2
-25 2
-24 2
-25 1
-26 0
-27 0
-28 0
-30 1
-31 1
-32 1
-32 2
-32 3
-33 2
-33 3
-33 4
-32 4
-32 5
-34 4
-34 5
-35 4
-35 5
-36 5
-36 4
-37 4
-37 5
-37 6
-37 7
-38 7
-38 4
-38 5
-38 3
-37 3
-39 3
-39 4
-39 5
-39 6
-40 4
-40 5
-40 6
-41 4
-42 4
-42 5
-43 5
-44 5
-44 6
-43 6
-45 5
-45 4
-45 3
-44 3
-43 3
-43 4
-43 2
-46 3
-47 3
-47 4
-46 4
-46 5
-48 3
-48 4
-48 5
-47 5
-47 6
-46 6
-46 7
-45 7
-44 7
-43 7
-42 7
-41 7
-41 8
-41 9
-40 9
-40 8
-39 8
-40 7
-39 7
-42 9
-42 10
-42 11
-43 9
-43 8
-42 8
-42 6
-47 7
-48 7
-49 5
-49 4
-50 4
-50 5
-50 6
-50 7
-49 7
-51 6
-51 7
-52 7
-52 8
-51 8
-50 8
-49 8
-50 9
-51 9
-52 9
-52 10
-51 10
-51 11
-50 11
-49 11
-49 12
-48 12
-48 13
-50 12
-49 10
-50 10
-49 9
-48 9
-48 10
-48 8
-47 8
-51 12
-52 12
-52 13
-51 13
-50 13
-49 13
-49 14
-48 14
-50 14
-51 14
-51 15
-50 15
-50 16
-51 16
-52 16
-52 15
-52 14
-53 12
-54 12
-54 13
-55 13
-56 13
-56 14
-55 14
-54 14
-53 14
-53 13
-54 15
-53 15
-53 16
-53 17
-52 17
-54 17
-55 17
-56 17
-56 18
-56 19
-55 19
-55 20
-54 20
-54 19
-53 19
-52 19
-53 20
-53 18
-54 18
-55 18
-56 20
-56 21
-56 22
-57 22
-58 22
-58 23
-58 24
-58 25
-59 24
-59 23
-60 23
-61 23
-60 22
-61 22
-62 22
-63 22
-63 21
-63 20
-62 20
-61 20
-60 20
-59 20
-58 20
-57 20
-57 19
-58 19
-59 19
-59 18
-58 18
-58 17
-58 16
-57 16
-57 17
-57 18
-57 15
-56 15
-58 15
-59 15
-60 15
-60 16
-60 14
-60 13
-59 13
-59 14
-58 14
-60 12
-59 12
-60 11
-61 11
-61 12
-62 12
-62 13
-61 13
-61 14
-62 14
-62 15
-61 15
-61 16
-62 16
-63 14
-63 15
-63 13
-64 13
-63 12
-62 11
-63 11
-64 11
-64 10
-63 10
-62 10
-61 10
-60 10
-59 10
-58 10
-57 10
-57 11
-57 9
-56 9
-55 9
-55 10
-54 10
-54 11
-53 11
-52 11
-53 10
-53 9
-54 9
-54 8
-55 8
-55 7
-54 7
-55 6
-54 6
-56 6
-56 7
-56 8
-57 6
-57 7
-58 7
-58 8
-59 8
-60 8
-60 7
-59 7
-61 7
-62 7
-62 8
-63 8
-64 8
-65 8
-65 9
-64 9
-63 9
-62 9
-61 9
-60 9
-65 10
-65 11
-66 10
-66 11
-66 12
-67 11
-67 10
-67 9
-66 9
-67 8
-66 8
-66 7
-66 6
-65 6
-65 5
-66 5
-67 5
-67 6
-67 7
-68 6
-68 7
-69 7
-69 8
-70 7
-71 7
-71 8
-70 8
-70 9
-70 10
-70 11
-70 12
-69 12
-69 11
-71 11
-72 11
-72 12
-71 12
-73 11
-73 12
-74 11
-74 12
-75 12
-76 12
-76 13
-75 13
-76 14
-75 14
-74 14
-74 15
-73 15
-73 16
-72 16
-71 16
-72 15
-71 15
-70 15
-69 15
-68 15
-67 15
-67 14
-66 14
-65 14
-64 14
-64 15
-64 16
-65 15
-65 13
-66 13
-67 13
-68 13
-69 13
-70 13
-68 12
-67 12
-65 12
-64 12
-68 16
-69 16
-69 14
-70 14
-74 16
-74 17
-74 18
-75 18
-75 19
-74 19
-73 19
-73 20
-73 21
-73 22
-74 22
-74 23
-73 23
-73 24
-72 24
-71 24
-70 24
-70 23
-71 23
-72 23
-73 25
-72 25
-71 25
-71 26
-71 27
-70 27
-69 27
-68 27
-67 27
-68 28
-68 26
-69 26
-69 25
-68 25
-69 24
-68 24
-67 24
-67 25
-66 25
-66 24
-65 24
-65 25
-64 25
-64 26
-65 26
-65 27
-64 27
-63 27
-63 28
-62 28
-61 28
-60 28
-59 28
-60 27
-61 27
-62 27
-61 26
-60 26
-62 26
-62 25
-61 25
-62 24
-61 24
-60 24
-62 23
-63 23
-61 29
-60 29
-62 29
-62 30
-61 30
-61 31
-60 31
-60 32
-61 32
-60 30
-59 30
-62 31
-63 30
-63 31
-63 32
-64 32
-64 33
-65 32
-64 31
-65 31
-65 30
-64 30
-66 30
-66 29
-65 29
-63 29
-64 29
-64 28
-63 26
-65 28
-64 24
-63 24
-64 23
-65 23
-65 22
-66 22
-66 23
-67 23
-68 23
-69 23
-69 22
-70 22
-70 21
-69 21
-68 21
-67 21
-67 22
-68 22
-66 21
-64 22
-70 26
-70 25
-72 26
-74 24
-74 25
-75 25
-76 25
-77 25
-77 26
-78 25
-79 25
-79 24
-76 24
-75 24
-75 23
-76 23
-77 23
-78 23
-79 23
-80 23
-80 24
-80 25
-80 26
-79 26
-80 27
-80 28
-79 28
-78 28
-78 27
-77 27
-76 27
-75 27
-74 27
-73 27
-72 27
-73 28
-72 28
-74 28
-75 28
-73 26
-75 26
-76 26
-76 28
-77 28
-77 29
-77 30
-76 30
-75 30
-76 29
-75 29
-78 30
-78 31
-78 29
-79 29
-80 29
-81 29
-81 30
-82 30
-82 31
-82 32
-83 32
-83 31
-84 31
-84 32
-84 33
-85 33
-85 32
-86 32
-87 32
-87 33
-85 31
-86 31
-87 31
-86 30
-87 30
-87 29
-86 29
-85 29
-86 28
-85 28
-84 28
-85 27
-86 27
-84 30
-84 29
-83 30
-83 29
-82 29
-82 28
-81 28
-79 27
-81 26
-81 24
-82 24
-83 24
-83 25
-82 25
-84 25
-84 26
-83 26
-83 27
-84 27
-81 23
-81 22
-82 22
-82 23
-83 22
-83 23
-84 22
-84 23
-85 23
-85 24
-86 24
-86 25
-86 26
-87 24
-86 23
-86 22
-87 22
-87 23
-88 23
-88 24
-89 23
-88 22
-88 21
-87 21
-87 20
-86 20
-86 21
-86 19
-85 19
-85 20
-84 20
-83 20
-82 20
-81 20
-81 21
-80 21
-79 21
-78 21
-77 21
-77 22
-78 22
-78 20
-79 20
-79 19
-78 19
-78 18
-79 18
-80 18
-81 18
-82 18
-82 19
-83 19
-84 19
-82 17
-83 17
-83 18
-84 18
-85 18
-85 17
-84 17
-81 17
-79 17
-80 22
-87 19
-88 19
-88 18
-88 17
-89 17
-90 17
-90 18
-90 19
-89 19
-89 20
-89 21
-90 21
-90 20
-89 18
-91 19
-92 19
-92 20
-92 21
-91 21
-91 20
-92 22
-91 22
-91 23
-90 23
-91 24
-90 24
-92 24
-92 25
-93 24
-94 24
-94 25
-94 26
-94 27
-95 26
-95 25
-96 25
-96 26
-96 27
-96 28
-95 28
-94 28
-95 27
-97 27
-97 26
-98 26
-98 27
-98 28
-99 28
-99 27
-99 26
-99 25
-100 25
-100 24
-101 24
-101 25
-100 23
-99 23
-98 23
-97 23
-97 24
-98 24
-99 24
-99 22
-98 22
-97 25
-98 25
-96 24
-96 23
-95 23
-94 23
-93 23
-92 23
-95 24
-93 22
-94 22
-94 21
-93 21
-93 20
-93 19
-95 21
-96 21
-96 22
-97 22
-97 21
-97 20
-94 20
-95 20
-96 20
-96 19
-97 19
-98 19
-99 19
-100 19
-100 18
-99 18
-98 18
-97 18
-98 17
-97 17
-99 17
-100 17
-100 16
-100 15
-100 14
-101 14
-101 13
-102 13
-102 14
-102 15
-101 15
-103 15
-103 16
-102 16
-101 16
-101 17
-102 17
-102 18
-101 18
-101 19
-102 19
-102 20
-101 20
-100 20
-99 20
-99 21
-101 21
-102 21
-102 22
-101 22
-100 22
-100 21
-103 20
-104 20
-105 20
-105 21
-104 21
-103 21
-105 22
-105 23
-104 23
-105 24
-105 19
-106 19
-107 19
-107 20
-106 20
-108 20
-109 20
-110 20
-111 20
-108 19
-109 19
-108 18
-109 18
-110 18
-109 17
-108 17
-107 17
-107 18
-107 16
-108 16
-109 16
-107 15
-106 18
-105 18
-104 18
-104 17
-104 16
-105 16
-106 16
-106 15
-105 17
-106 17
-103 19
-103 18
-104 15
-105 15
-105 14
-106 14
-107 14
-108 14
-109 14
-110 14
-111 14
-111 15
-111 13
-106 13
-105 13
-105 12
-104 12
-103 12
-102 12
-103 11
-102 11
-101 11
-100 11
-100 10
-99 10
-98 10
-101 10
-102 10
-101 12
-100 12
-99 12
-98 12
-98 13
-97 13
-96 13
-96 14
-96 15
-97 14
-97 15
-98 15
-98 16
-99 16
-99 15
-99 14
-99 13
-98 14
-97 12
-98 11
-99 11
-100 13
-106 12
-107 12
-107 13
-106 11
-105 11
-104 11
-105 10
-104 10
-103 10
-104 9
-105 9
-106 10
-107 10
-108 10
-109 10
-109 11
-110 10
-110 9
-111 9
-112 9
-112 10
-111 10
-112 11
-111 11
-110 11
-113 10
-113 9
-113 8
-113 7
-112 7
-112 8
-111 8
-110 8
-111 7
-110 7
-109 7
-108 7
-108 8
-107 8
-107 9
-106 9
-107 7
-106 7
-105 7
-104 7
-103 7
-102 7
-101 7
-100 7
-99 7
-99 6
-98 6
-100 6
-101 6
-100 5
-101 5
-101 4
-100 4
-99 4
-99 5
-99 3
-100 3
-100 2
-100 1
-101 8
-102 8
-102 9
-101 9
-100 9
-99 9
-99 8
-98 8
-103 9
-103 8
-102 6
-103 6
-103 5
-104 5
-104 6
-104 4
-104 3
-103 3
-103 4
-102 4
-104 2
-103 2
-104 1
-105 1
-106 1
-106 2
-105 2
-107 1
-106 0
-105 0
-105 -1
-106 -1
-104 0
-104 -1
-104 -2
-104 -3
-103 -3
-103 -4
-102 -4
-102 -3
-102 -5
-101 -5
-100 -5
-101 -4
-101 -3
-100 -3
-100 -2
-99 -2
-99 -1
-98 -1
-98 0
-99 0
-99 1
-98 1
-98 2
-97 2
-96 2
-95 2
-94 2
-93 2
-92 2
-92 1
-91 1
-90 1
-91 0
-92 0
-92 -1
-93 -1
-93 -2
-93 -3
-92 -3
-91 -3
-90 -3
-90 -2
-89 -2
-89 -3
-88 -3
-87 -3
-88 -2
-88 -4
-87 -4
-87 -5
-88 -5
-87 -6
-86 -6
-85 -6
-85 -5
-84 -5
-85 -4
-84 -4
-84 -3
-84 -2
-85 -2
-85 -3
-86 -3
-86 -5
-87 -7
-88 -7
-89 -7
-89 -6
-89 -5
-89 -4
-90 -4
-90 -5
-91 -5
-90 -6
-90 -7
-90 -8
-91 -8
-92 -8
-92 -9
-91 -9
-91 -10
-92 -10
-93 -10
-92 -11
-91 -11
-90 -11
-90 -10
-89 -10
-89 -11
-89 -12
-88 -12
-87 -12
-86 -12
-86 -11
-85 -11
-85 -12
-85 -13
-87 -11
-88 -11
-88 -10
-88 -9
-89 -9
-89 -8
-88 -8
-87 -8
-86 -8
-85 -8
-85 -7
-85 -9
-84 -9
-84 -10
-86 -9
-87 -9
-86 -10
-87 -10
-86 -7
-87 -13
-88 -13
-89 -13
-93 -11
-93 -9
-94 -9
-94 -8
-94 -7
-93 -7
-93 -6
-93 -5
-92 -5
-92 -6
-92 -7
-91 -7
-91 -6
-93 -4
-92 -4
-91 -4
-94 -5
-94 -4
-95 -4
-95 -3
-95 -2
-96 -2
-96 -3
-97 -3
-96 -4
-96 -5
-95 -5
-94 -6
-95 -6
-95 -7
-95 -8
-96 -8
-96 -7
-96 -6
-97 -6
-97 -5
-97 -4
-98 -5
-99 -5
-98 -6
-99 -6
-99 -7
-98 -7
-98 -8
-99 -8
-100 -8
-100 -7
-101 -8
-102 -8
-102 -9
-103 -9
-103 -10
-103 -11
-102 -11
-104 -11
-104 -10
-104 -9
-105 -9
-105 -8
-104 -8
-105 -7
-105 -10
-105 -11
-106 -11
-106 -10
-106 -9
-107 -9
-107 -10
-107 -11
-108 -11
-108 -10
-109 -11
-108 -12
-109 -12
-109 -13
-105 -12
-105 -13
-104 -13
-104 -12
-100 -9
-99 -9
-98 -9
-99 -10
-98 -10
-97 -10
-96 -10
-96 -9
-95 -9
-95 -10
-94 -10
-94 -11
-94 -12
-93 -12
-92 -12
-97 -11
-96 -11
-95 -11
-98 -11
-99 -11
-100 -11
-100 -12
-99 -12
-100 -10
-101 -9
-101 -10
-90 -9
-90 -1
-92 -2
-91 -2
-91 -1
-93 1
-94 1
-95 1
-95 0
-94 0
-93 0
-94 -1
-95 -1
-96 0
-96 1
-97 0
-93 3
-92 3
-91 3
-90 3
-89 3
-89 2
-88 2
-88 3
-87 3
-86 3
-87 2
-87 1
-87 0
-87 -1
-91 4
-91 5
-90 5
-89 5
-89 6
-90 6
-90 7
-90 8
-90 9
-90 10
-91 8
-91 9
-92 8
-92 9
-92 10
-91 10
-93 10
-93 9
-93 8
-94 8
-94 9
-95 9
-96 9
-96 10
-95 10
-97 10
-97 11
-96 11
-95 11
-96 12
-95 12
-95 13
-94 13
-93 13
-93 12
-94 12
-93 11
-92 11
-94 11
-94 10
-97 9
-98 9
-97 8
-95 8
-91 7
-91 6
-92 6
-92 7
-93 7
-92 5
-92 4
-93 4
-93 5
-93 6
-94 4
-95 4
-95 5
-96 5
-96 6
-95 6
-94 6
-96 7
-96 8
-97 7
-98 7
-97 5
-96 4
-97 4
-97 3
-96 3
-89 4
-88 4
-88 5
-90 4
-91 2
-90 2
-94 3
-98 3
-98 -2
-98 -3
-99 -3
-98 -4
-101 -2
-101 -1
-101 0
-101 1
-101 2
-101 3
-102 3
-102 2
-102 1
-102 -1
-102 0
-103 0
-103 1
-103 -1
-103 -2
-100 -4
-99 -4
-102 -6
-102 -7
-103 -7
-103 -6
-104 -6
-104 -7
-103 -8
-103 -5
-105 -3
-106 -3
-107 -3
-107 -2
-108 -2
-108 -1
-109 -1
-109 0
-108 0
-107 0
-107 -1
-108 1
-108 2
-108 3
-107 3
-107 4
-107 5
-107 6
-108 6
-109 6
-110 6
-109 5
-108 5
-108 4
-109 3
-110 3
-109 2
-110 0
-110 1
-109 1
-111 0
-112 0
-112 1
-111 1
-111 2
-110 2
-111 3
-111 4
-110 4
-109 4
-111 5
-111 6
-112 6
-112 5
-112 4
-112 3
-113 3
-113 4
-113 5
-113 6
-114 5
-114 4
-115 4
-115 3
-116 3
-116 2
-115 2
-114 2
-114 3
-115 1
-115 0
-114 0
-114 1
-113 1
-113 2
-112 2
-116 0
-117 0
-116 -1
-117 -1
-118 -1
-118 0
-119 0
-120 0
-120 1
-121 1
-120 -1
-121 -1
-122 -1
-122 0
-123 0
-123 1
-122 1
-123 2
-122 2
-121 2
-121 3
-120 3
-120 2
-121 4
-120 4
-122 4
-122 5
-122 6
-121 6
-123 6
-122 3
-123 3
-123 4
-124 3
-124 2
-125 2
-126 2
-124 1
-125 1
-124 0
-125 0
-126 0
-126 1
-127 1
-128 1
-128 2
-129 2
-129 3
-128 3
-130 2
-129 1
-129 0
-128 0
-127 0
-128 -1
-127 -1
-126 -1
-125 -1
-124 -1
-125 -2
-124 -2
-126 -2
-125 -3
-124 -3
-125 -4
-124 -4
-123 -4
-124 -5
-124 -6
-125 -6
-126 -6
-126 -5
-126 -4
-127 -5
-127 -4
-128 -4
-128 -3
-127 -3
-126 -3
-127 -2
-129 -3
-130 -3
-130 -2
-130 -1
-129 -1
-129 -2
-131 -1
-131 0
-130 0
-132 0
-133 0
-133 1
-134 0
-132 -1
-133 -1
-133 -2
-133 -3
-132 -3
-131 -3
-132 -2
-131 -2
-134 -3
-135 -3
-134 -4
-133 -4
-132 -4
-131 -4
-131 -5
-132 -5
-132 -6
-133 -6
-133 -5
-134 -5
-135 -5
-136 -5
-137 -5
-137 -4
-138 -4
-138 -3
-138 -2
-137 -2
-136 -2
-136 -1
-135 -1
-135 -2
-136 0
-137 0
-137 -1
-138 -1
-138 0
-138 1
-139 1
-140 1
-140 0
-140 -1
-139 -1
-139 0
-141 -1
-141 0
-141 1
-141 2
-140 2
-142 2
-142 3
-141 3
-140 3
-139 3
-138 3
-138 4
-137 4
-139 4
-139 5
-138 5
-137 5
-139 6
-139 7
-139 8
-140 5
-140 4
-141 4
-141 5
-142 4
-142 5
-142 6
-142 7
-141 7
-140 7
-142 8
-141 8
-140 8
-143 8
-143 9
-142 9
-141 9
-142 10
-143 10
-144 10
-144 11
-145 10
-145 11
-146 11
-146 12
-146 10
-145 9
-144 9
-144 8
-145 8
-146 8
-143 7
-144 7
-145 7
-145 6
-144 6
-143 6
-143 5
-144 5
-144 4
-143 4
-138 2
-139 2
-143 3
-144 3
-145 3
-145 4
-145 5
-146 5
-143 2
-144 2
-145 2
-146 2
-146 3
-147 2
-147 3
-147 4
-147 5
-148 5
-148 6
-148 7
-147 7
-147 6
-146 6
-146 7
-148 8
-149 7
-149 6
-150 6
-150 7
-150 8
-149 8
-150 9
-149 9
-148 9
-149 10
-150 10
-151 10
-151 11
-150 11
-149 11
-148 11
-150 12
-152 11
-152 12
-153 11
-154 11
-154 12
-154 10
-155 10
-156 10
-156 9
-155 9
-154 9
-153 9
-153 10
-152 10
-151 9
-151 8
-152 8
-152 9
-153 8
-154 8
-154 7
-153 7
-152 7
-151 7
-151 6
-149 5
-150 5
-150 4
-149 4
-148 4
-149 3
-150 3
-151 3
-151 4
-152 3
-152 4
-153 4
-153 3
-154 3
-155 3
-155 2
-152 2
-151 2
-150 2
-149 2
-148 2
-148 1
-149 1
-150 1
-150 0
-153 2
-154 2
-153 1
-153 0
-153 -1
-152 -1
-151 -1
-151 -2
-150 -2
-149 -2
-149 -1
-150 -1
-150 -3
-149 -3
-149 -4
-152 0
-151 0
-152 -2
-153 -2
-154 -2
-155 -2
-156 -2
-157 -2
-157 -1
-158 -1
-159 -1
-158 -2
-157 -3
-154 -3
-153 -3
-153 -4
-154 -4
-153 -5
-154 -5
-154 -6
-153 -6
-152 -6
-151 -6
-150 -6
-149 -6
-148 -6
-147 -6
-146 -6
-146 -5
-147 -5
-146 -7
-146 -8
-145 -8
-145 -7
-147 -8
-147 -7
-147 -9
-148 -9
-148 -8
-147 -10
-146 -10
-146 -9
-145 -9
-148 -10
-149 -10
-150 -10
-151 -10
-152 -10
-153 -10
-153 -9
-152 -9
-151 -9
-150 -9
-149 -9
-149 -8
-149 -7
-148 -7
-150 -7
-150 -8
-153 -8
-153 -7
-152 -7
-154 -8
-154 -7
-154 -9
-155 -9
-155 -8
-155 -7
-150 -11
-151 -11
-151 -12
-150 -12
-149 -12
-148 -12
-148 -11
-147 -11
-146 -11
-146 -12
-149 -11
-149 -13
-150 -13
-151 -13
-152 -13
-153 -13
-153 -14
-151 -14
-150 -14
-149 -14
-152 -12
-149 -5
-148 -5
-150 -5
-151 -7
-151 -8
-155 -3
-156 -3
-152 -3
-151 -3
-151 -4
-151 -5
-152 -4
-154 -1
-154 0
-152 1
-151 1
-146 1
-145 1
-147 1
-142 1
-143 1
-143 0
-142 0
-142 -1
-143 -1
-144 -1
-144 -2
-143 -2
-142 -2
-143 -3
-145 -2
-146 -2
-146 -3
-145 -3
-144 -3
-145 -4
-146 -4
-145 -5
-144 -5
-144 -4
-144 -6
-145 -6
-140 -2
-137 -3
-136 -3
-136 -4
-139 -3
-140 -3
-141 -3
-141 -2
-139 -4
-136 -6
-135 -6
-134 -6
-136 -7
-135 -7
-135 -8
-136 -8
-136 -9
-135 -9
-134 -9
-135 -10
-134 -10
-133 -10
-133 -9
-133 -11
-134 -11
-135 -11
-135 -12
-136 -12
-136 -11
-137 -11
-134 -12
-133 -12
-133 -13
-134 -13
-136 -10
-137 -10
-137 -9
-133 -7
-132 -7
-131 -7
-130 -7
-129 -7
-128 -7
-127 -7
-127 -6
-127 -8
-126 -8
-125 -8
-124 -8
-124 -7
-126 -7
-126 -9
-126 -10
-125 -10
-125 -11
-124 -11
-124 -10
-123 -10
-122 -10
-121 -10
-120 -10
-120 -11
-121 -11
-120 -12
-119 -12
-119 -13
-120 -13
-120 -14
-119 -14
-120 -15
-121 -9
-121 -8
-121 -7
-120 -7
-119 -7
-118 -7
-117 -7
-116 -7
-115 -7
-114 -7
-115 -8
-114 -8
-113 -8
-113 -7
-113 -6
-112 -6
-114 -6
-115 -6
-115 -5
-114 -5
-116 -5
-116 -4
-116 -3
-116 -2
-115 -2
-114 -2
-113 -2
-113 -3
-114 -3
-115 -3
-117 -2
-118 -2
-119 -2
-120 -2
-121 -2
-122 -2
-119 -3
-118 -3
-117 -3
-117 -4
-117 -5
-118 -5
-119 -5
-116 -6
-117 -6
-118 -6
-119 -6
-120 -6
-115 -9
-116 -9
-117 -9
-116 -10
-115 -10
-114 -10
-113 -10
-113 -9
-114 -11
-113 -11
-112 -11
-112 -10
-111 -10
-111 -9
-110 -9
-110 -8
-109 -8
-109 -7
-109 -6
-108 -6
-107 -6
-107 -5
-106 -5
-107 -4
-108 -4
-108 -3
-109 -3
-109 -2
-110 -2
-110 -1
-111 -1
-111 -2
-112 -2
-112 -1
-113 -1
-113 0
-114 -1
-115 -1
-111 -3
-110 -3
-112 -3
-109 -4
-110 -4
-110 -5
-111 -5
-112 -5
-112 -4
-109 -5
-108 -5
-108 -7
-107 -7
-107 -8
-106 -8
-106 -7
-106 -6
-108 -8
-108 -9
-110 -6
-109 -9
-109 -10
-112 -9
-112 -8
-111 -8
-112 -7
-111 -7
-111 -6
-111 -11
-110 -11
-110 -10
-111 -12
-110 -12
-110 -13
-111 -13
-115 -11
-116 -11
-116 -12
-117 -12
-115 -12
-114 -12
-117 -8
-116 -8
-118 -8
-119 -8
-119 -9
-120 -9
-120 -8
-119 -10
-118 -10
-117 -10
-118 -11
-117 -11
-118 -12
-118 -13
-118 -14
-118 -15
-119 -15
-118 -16
-119 -11
-118 -9
-121 -6
-121 -5
-120 -5
-121 -4
-120 -4
-120 -3
-121 -3
-122 -8
-122 -9
-122 -11
-123 -11
-123 -12
-122 -12
-121 -12
-121 -13
-122 -13
-123 -13
-122 -14
-121 -14
-124 -12
-125 -12
-126 -12
-126 -13
-127 -13
-126 -14
-125 -14
-127 -14
-126 -15
-127 -15
-124 -13
-124 -14
-123 -14
-123 -15
-124 -15
-125 -15
-125 -16
-126 -16
-127 -16
-128 -16
-128 -15
-128 -14
-128 -13
-129 -16
-129 -15
-129 -14
-129 -13
-129 -12
-130 -12
-130 -11
-130 -10
-131 -11
-131 -10
-132 -10
-132 -11
-132 -12
-130 -14
-130 -13
-130 -15
-131 -15
-130 -16
-129 -17
-129 -18
-128 -18
-128 -17
-130 -18
-130 -17
-129 -19
-128 -19
-127 -19
-127 -18
-126 -18
-125 -18
-124 -18
-124 -17
-123 -17
-122 -17
-122 -16
-123 -16
-124 -16
-124 -19
-125 -19
-126 -19
-126 -20
-124 -20
-124 -21
-125 -21
-125 -20
-124 -22
-123 -22
-123 -21
-122 -21
-123 -20
-123 -23
-122 -23
-122 -22
-121 -22
-120 -22
-120 -21
-120 -20
-120 -19
-119 -19
-118 -19
-117 -19
-117 -18
-117 -20
-116 -20
-115 -20
-116 -19
-115 -19
-115 -18
-114 -18
-114 -17
-113 -17
-112 -17
-112 -16
-111 -16
-110 -16
-109 -16
-108 -16
-109 -15
-108 -15
-108 -14
-108 -13
-109 -14
-110 -15
-110 -14
-110 -17
-110 -18
-109 -18
-111 -18
-112 -18
-110 -19
-109 -19
-108 -19
-108 -18
-108 -20
-109 -20
-111 -19
-111 -20
-111 -21
-110 -21
-112 -21
-112 -20
-112 -22
-111 -22
-110 -22
-110 -20
-111 -15
-111 -14
-112 -14
-112 -13
-113 -13
-114 -13
-112 -15
-113 -15
-114 -15
-111 -17
-113 -18
-115 -17
-116 -17
-116 -16
-117 -16
-117 -17
-118 -17
-119 -17
-120 -17
-121 -17
-121 -16
-121 -15
-122 -15
-120 -18
-121 -18
-121 -19
-119 -18
-118 -18
-118 -20
-117 -21
-116 -21
-116 -22
-117 -22
-120 -23
-119 -23
-118 -23
-118 -24
-117 -24
-117 -25
-117 -26
-116 -26
-115 -26
-118 -25
-119 -25
-119 -24
-120 -24
-118 -26
-119 -26
-120 -26
-120 -27
-120 -28
-119 -27
-118 -27
-119 -22
-118 -22
-118 -21
-121 -23
-121 -21
-121 -20
-122 -24
-122 -25
-123 -25
-124 -25
-124 -24
-123 -24
-123 -26
-123 -27
-122 -27
-122 -28
-121 -28
-123 -28
-122 -29
-121 -29
-120 -29
-123 -29
-124 -29
-124 -30
-124 -31
-123 -31
-122 -31
-121 -31
-122 -30
-121 -30
-125 -31
-124 -27
-124 -26
-122 -26
-125 -22
-125 -23
-124 -23
-125 -17
-126 -17
-127 -17
-130 -19
-127 -10
-127 -9
-128 -9
-128 -8
-129 -8
-130 -8
-130 -9
-128 -10
-128 -11
-128 -12
-127 -12
-127 -11
-126 -11
-129 -6
-129 -5
-128 -5
-129 -4
-130 -6
-131 -6
-134 -7
-134 -8
-133 -8
-132 -8
-123 -1
-123 -2
-123 -3
-116 1
-117 1
-118 1
-118 2
-117 2
-117 3
-118 3
-118 4
-119 4
-119 3
-119 2
-119 1
-106 -4
-105 -4
-104 -4
-104 -5
-105 -5
-105 -6
-102 5
-105 8
-104 8
-106 6
-106 5
-105 5
-109 9
-108 9
-107 11
-108 11
-103 14
-103 13
-104 13
-104 14
-96 18
-96 17
-95 17
-94 17
-94 16
-93 16
-93 15
-92 15
-93 14
-94 14
-91 18
-87 18
-86 18
-87 17
-86 17
-88 20
-85 22
-85 21
-84 21
-83 21
-82 21
-75 22
-76 22
-76 21
-75 21
-74 21
-76 20
-77 20
-73 18
-73 17
-72 17
-75 20
-76 19
-77 19
-77 18
-75 17
-73 14
-72 14
-71 14
-71 13
-72 13
-75 15
-76 15
-76 16
-75 16
-77 16
-77 15
-77 14
-78 14
-79 14
-79 15
-78 15
-79 16
-80 16
-81 16
-82 16
-83 16
-80 15
-80 14
-81 14
-81 15
-82 15
-83 15
-84 15
-84 16
-85 16
-85 15
-82 14
-83 14
-84 14
-84 13
-83 13
-83 12
-83 11
-82 11
-81 11
-81 12
-80 12
-79 12
-78 12
-79 11
-78 11
-80 11
-80 10
-79 10
-78 10
-77 10
-76 10
-76 11
-77 11
-78 9
-77 9
-76 9
-77 8
-76 8
-76 7
-75 7
-75 6
-75 5
-74 5
-73 5
-74 4
-73 4
-74 3
-73 3
-72 3
-71 3
-71 4
-71 5
-70 5
-70 6
-70 4
-69 4
-69 3
-70 3
-71 6
-72 6
-72 7
-73 7
-72 5
-72 4
-72 2
-71 2
-73 2
-73 1
-72 1
-72 0
-71 0
-71 1
-71 -1
-70 -1
-70 -2
-69 -2
-69 -1
-68 -1
-67 -1
-67 -2
-67 -3
-68 -3
-67 -4
-68 -4
-69 -4
-69 -5
-68 -5
-67 -5
-66 -5
-65 -5
-64 -5
-63 -5
-63 -4
-62 -4
-63 -6
-64 -6
-64 -7
-63 -7
-62 -7
-65 -7
-65 -6
-66 -6
-67 -6
-68 -6
-69 -6
-66 -7
-67 -7
-66 -8
-65 -8
-65 -9
-66 -9
-65 -10
-64 -10
-64 -9
-63 -9
-62 -9
-61 -9
-61 -8
-60 -8
-59 -8
-59 -7
-60 -7
-60 -6
-61 -7
-61 -6
-61 -5
-60 -5
-59 -5
-59 -4
-59 -3
-60 -4
-60 -3
-61 -3
-61 -2
-62 -2
-62 -1
-61 -1
-62 0
-63 0
-64 0
-64 -1
-63 -1
-62 -3
-61 -4
-59 -6
-62 -6
-62 -5
-60 -9
-60 -10
-59 -10
-61 -10
-62 -10
-63 -10
-63 -11
-62 -11
-61 -11
-60 -11
-59 -11
-59 -12
-58 -12
-58 -11
-58 -13
-59 -13
-61 -12
-62 -12
-61 -13
-62 -13
-62 -14
-62 -15
-63 -15
-63 -14
-63 -13
-63 -12
-64 -12
-64 -11
-65 -12
-65 -11
-66 -11
-67 -11
-66 -12
-67 -12
-68 -12
-66 -13
-65 -13
-64 -13
-65 -14
-64 -14
-66 -14
-67 -14
-67 -13
-62 -16
-62 -17
-61 -17
-61 -18
-60 -18
-59 -18
-59 -17
-58 -17
-57 -17
-58 -16
-57 -16
-56 -16
-55 -16
-55 -15
-55 -14
-56 -15
-56 -14
-57 -15
-57 -14
-57 -13
-55 -17
-55 -18
-55 -19
-56 -19
-56 -18
-57 -18
-57 -19
-56 -20
-56 -21
-57 -21
-57 -20
-58 -15
-58 -18
-58 -19
-58 -20
-59 -20
-60 -20
-60 -19
-59 -19
-61 -19
-61 -20
-62 -20
-62 -19
-63 -19
-63 -20
-62 -21
-61 -21
-61 -22
-61 -23
-60 -23
-59 -23
-58 -23
-58 -22
-57 -22
-56 -22
-59 -22
-59 -24
-58 -24
-60 -24
-61 -24
-62 -24
-62 -23
-62 -22
-63 -23
-63 -24
-64 -24
-64 -23
-64 -22
-65 -23
-66 -23
-66 -22
-65 -22
-65 -21
-64 -21
-63 -21
-63 -22
-65 -24
-64 -25
-63 -25
-63 -26
-62 -26
-61 -26
-62 -25
-61 -25
-60 -25
-62 -27
-59 -25
-59 -21
-58 -21
-62 -18
-63 -18
-63 -17
-63 -16
-62 -8
-63 -8
-66 -10
-67 -8
-68 -8
-68 -7
-69 -7
-69 -8
-70 -8
-70 -7
-70 -6
-71 -8
-70 -9
-69 -9
-69 -10
-71 -9
-72 -9
-72 -8
-72 -7
-71 -7
-72 -6
-71 -6
-71 -5
-73 -8
-71 -10
-72 -10
-71 -11
-70 -11
-70 -10
-64 -4
-65 -4
-65 -3
-65 -2
-66 -3
-66 -4
-68 0
-68 1
-68 2
-67 2
-69 0
-69 1
-70 1
-70 2
-70 0
-68 -2
-70 -3
-73 0
-73 -1
-72 -1
-73 -2
-74 -2
-74 -1
-75 4
-76 4
-77 7
-78 7
-78 6
-78 5
-77 5
-77 4
-78 4
-79 4
-80 4
-80 5
-79 5
-80 6
-80 3
-79 3
-78 3
-78 2
-78 1
-78 0
-78 -1
-77 -1
-76 -1
-79 -1
-80 -1
-78 -2
-77 -2
-76 -2
-75 -2
-75 -1
-75 0
-74 0
-75 1
-76 1
-76 2
-75 2
-75 3
-76 3
-77 3
-77 2
-77 1
-76 0
-77 0
-75 -3
-75 -4
-75 -5
-76 -5
-77 -5
-77 -4
-77 -6
-78 -6
-78 -5
-78 -4
-78 -7
-77 -7
-79 -7
-79 -6
-78 -8
-77 -8
-79 -8
-80 -8
-80 -7
-81 -8
-81 -7
-82 -7
-82 -6
-82 -5
-82 -4
-81 -4
-80 -4
-80 -3
-80 -5
-79 -5
-81 -5
-81 -6
-80 -6
-83 -5
-83 -6
-84 -6
-84 -7
-83 -7
-83 -8
-83 -9
-82 -8
-82 -9
-81 -9
-81 -10
-80 -10
-79 -10
-78 -10
-78 -9
-78 -11
-79 -11
-78 -12
-77 -12
-78 -13
-77 -13
-80 -9
-79 -9
-80 -11
-81 -11
-82 -10
-75 -6
-74 -6
-74 -5
-75 -7
-74 -7
-73 -7
-73 -6
-73 -5
-75 -8
-75 -9
-74 -9
-73 -9
-76 -9
-77 -9
-75 -10
-74 -10
-76 -3
-76 -4
-77 -3
-79 -2
-80 -2
-79 -3
-78 -3
-79 -4
-78 8
-79 8
-79 9
-80 9
-81 9
-81 10
-82 9
-83 9
-83 8
-82 8
-82 7
-84 8
-84 9
-84 10
-85 10
-85 11
-84 11
-85 12
-84 12
-85 13
-85 14
-86 14
-87 14
-87 15
-88 14
-89 14
-89 15
-88 15
-88 16
-87 16
-89 16
-90 15
-90 16
-91 16
-91 17
-91 15
-91 14
-92 14
-90 14
-89 13
-88 13
-88 12
-87 12
-89 12
-89 11
-88 11
-87 11
-87 10
-86 10
-86 11
-86 9
-87 9
-88 9
-88 10
-89 9
-88 8
-88 7
-87 7
-86 8
-87 8
-90 11
-90 12
-91 11
-89 10
-87 13
-86 13
-86 12
-81 8
-81 7
-80 7
-79 7
-80 8
-81 6
-82 6
-81 5
-82 5
-83 5
-83 6
-83 4
-82 4
-81 4
-80 13
-79 13
-78 13
-77 13
-77 12
-75 11
-74 10
-73 10
-72 10
-73 9
-74 9
-75 9
-73 8
-72 8
-71 10
-71 9
-69 6
-69 5
-68 8
-68 9
-68 10
-69 10
-69 9
-64 7
-63 7
-63 6
-64 6
-64 5
-57 5
-56 5
-58 5
-58 4
-57 4
-57 3
-56 3
-57 2
-58 2
-58 3
-58 1
-57 1
-56 1
-57 0
-58 0
-59 0
-59 1
-60 1
-59 -1
-58 -1
-57 -1
-57 -2
-56 -2
-55 -2
-55 -1
-54 -1
-53 -1
-52 -1
-52 -2
-51 -2
-50 -2
-50 -3
-49 -3
-49 -2
-49 -1
-49 0
-50 0
-51 0
-51 1
-50 1
-50 2
-50 3
-51 2
-52 2
-53 2
-53 3
-52 1
-50 -1
-49 -4
-48 -4
-47 -4
-46 -4
-45 -4
-45 -5
-45 -6
-44 -6
-44 -5
-44 -4
-43 -4
-45 -7
-46 -3
-45 -3
-46 -5
-47 -5
-48 -5
-49 -5
-48 -6
-47 -6
-46 -6
-46 -7
-46 -8
-49 -6
-48 -7
-47 -7
-49 -7
-50 -7
-48 -3
-47 -3
-48 -2
-48 -1
-50 -4
-50 -5
-51 -5
-51 -4
-52 -4
-52 -5
-51 -3
-53 -2
-54 -2
-54 -3
-53 -3
-55 -3
-56 -3
-55 0
-54 0
-56 -1
-58 -2
-58 -3
-59 -2
-59 4
-59 5
-60 4
-60 5
-60 6
-59 6
-61 6
-61 5
-59 3
-59 2
-53 8
-55 11
-55 12
-56 12
-56 11
-56 10
-58 9
-57 8
-59 9
-60 18
-59 17
-60 21
-59 21
-58 21
-61 21
-62 21
-60 19
-61 19
-61 18
-61 17
-62 19
-63 19
-64 19
-64 18
-65 18
-65 19
-65 20
-64 20
-65 21
-64 21
-66 19
-63 18
-62 18
-63 17
-55 16
-54 16
-56 16
-55 15
-57 14
-52 6
-53 6
-51 5
-52 5
-52 4
-53 4
-53 5
-54 4
-54 5
-55 4
-55 5
-54 3
-55 3
-54 2
-55 2
-56 2
-55 1
-54 1
-53 1
-53 0
-51 4
-51 3
-49 3
-47 2
-47 1
-46 1
-45 1
-44 1
-44 2
-45 2
-44 0
-45 0
-46 0
-44 -1
-44 -2
-43 -2
-42 -2
-42 -1
-43 -1
-43 0
-43 1
-43 -3
-42 -3
-44 -3
-45 -2
-45 -1
-46 2
-48 1
-49 1
-49 2
-48 2
-44 4
-42 3
-41 3
-39 2
-38 2
-38 1
-39 1
-39 0
-39 -1
-40 -1
-41 -1
-41 0
-40 0
-42 0
-42 1
-35 3
-34 3
-36 3
-36 2
-37 2
-37 1
-36 1
-35 1
-34 1
-34 2
-35 2
-35 0
-35 -1
-34 -1
-36 -1
-37 -1
-37 0
-38 0
-38 -1
-38 -2
-38 -3
-37 -3
-38 -4
-39 -4
-39 -3
-39 -5
-40 -5
-40 -4
-40 -3
-41 -5
-42 -5
-41 -6
-41 -7
-40 -7
-39 -7
-39 -8
-38 -8
-37 -8
-36 -8
-35 -8
-37 -7
-36 -7
-38 -7
-38 -6
-39 -6
-40 -6
-37 -9
-38 -9
-38 -10
-37 -10
-37 -11
-36 -11
-35 -11
-34 -11
-34 -12
-33 -12
-33 -13
-33 -14
-34 -14
-34 -15
-34 -16
-35 -16
-35 -17
-34 -17
-33 -15
-32 -15
-32 -14
-32 -13
-32 -16
-31 -16
-33 -16
-33 -17
-35 -10
-35 -9
-36 -9
-35 -12
-35 -13
-36 -13
-36 -14
-35 -14
-35 -15
-36 -15
-37 -15
-36 -16
-36 -17
-37 -17
-37 -14
-38 -14
-38 -15
-38 -16
-39 -10
-39 -9
-39 -11
-38 -11
-38 -12
-39 -12
-40 -12
-40 -11
-40 -8
-40 -9
-40 -10
-41 -10
-41 -9
-42 -7
-32 0
-30 -2
-30 -1
-30 0
-31 0
-31 -1
-31 -2
-29 -3
-29 -4
-29 -5
-28 -5
-29 -6
-29 -7
-28 -7
-28 -6
-30 -7
-30 -6
-30 -5
-31 -6
-32 -6
-32 -5
-32 -4
-31 -4
-33 -4
-33 -5
-34 -5
-34 -4
-35 -4
-35 -3
-35 -2
-34 -2
-33 -2
-33 -1
-32 -1
-33 -3
-32 -3
-31 -3
-30 -3
-30 -4
-32 -2
-34 -3
-35 -5
-35 -6
-35 -7
-32 -7
-31 -7
-30 -8
-29 -8
-29 -9
-28 -9
-27 -9
-27 -10
-26 -10
-25 -10
-24 -10
-24 -9
-24 -8
-23 -8
-23 -7
-23 -6
-24 -6
-24 -7
-25 -7
-25 -9
-28 -8
-27 -8
-27 -7
-26 -7
-28 -10
-30 -9
-31 -9
-31 -8
-32 -9
-32 -10
-31 -10
-33 -10
-33 -9
-34 -9
-34 -10
-32 -11
-33 -11
-32 -12
-31 -12
-30 -12
-29 -12
-29 -11
-28 -11
-30 -11
-30 -10
-29 -10
-29 -13
-30 -13
-27 -6
-23 5
-24 5
-16 7
-15 7
-15 9
-14 8
-15 8
-14 7
-14 6
-15 6
-11 11
-10 13
-8 11
-8 10
-8 9
-7 9
-7 8
-5 8
-5 9
-6 9
-6 8
-5 7
-5 6
-5 5
-4 3
-4 2
-6 3
-6 2
-6 1
-7 1
-8 1
-9 1
-9 2
-10 2
-10 3
-9 3
-9 4
-10 4
-11 3
-11 4
-12 4
-13 4
-14 4
-15 4
-15 5
-14 5
-13 3
-12 3
-12 2
-11 2
-11 1
-12 1
-13 1
-14 1
-14 2
-13 2
-14 3
-15 3
-15 2
-10 1
-10 0
-9 0
-9 -1
-8 -1
-6 0
-7 0
-7 -1
-6 -1
-5 -1
-4 -1
-3 -1
-3 -2
-4 -2
-5 -2
-5 -3
-4 -3
-3 -3
-6 -2
-7 -2
-8 -2
-9 -2
-9 -3
-8 -3
-8 -4
-7 -4
-6 -4
-6 -5
-7 -5
-6 -6
-7 -6
-7 -3
-9 -4
-9 -5
-8 -5
-8 -6
-9 -6
-10 -6
-10 -5
-10 -4
-11 -4
-11 -5
-12 -5
-13 -5
-14 -5
-15 -5
-13 -6
-12 -6
-11 -6
-12 -7
-11 -7
-13 -7
-10 -7
-9 -7
-9 -8
-10 -8
-11 -8
-11 -9
-12 -9
-13 -9
-13 -8
-14 -9
-14 -8
-14 -7
-15 -7
-15 -6
-14 -6
-16 -6
-16 -5
-15 -9
-15 -8
-16 -8
-16 -7
-17 -8
-16 -9
-17 -9
-16 -10
-16 -11
-15 -11
-15 -10
-14 -10
-13 -10
-12 -10
-13 -11
-12 -11
-11 -11
-11 -12
-10 -12
-9 -12
-8 -12
-9 -13
-10 -13
-11 -13
-12 -13
-13 -13
-13 -14
-13 -15
-14 -15
-15 -15
-15 -14
-14 -14
-14 -16
-13 -16
-12 -16
-12 -15
-12 -14
-12 -17
-11 -17
-11 -16
-11 -18
-10 -18
-10 -17
-10 -19
-12 -18
-13 -18
-13 -17
-14 -17
-15 -17
-16 -17
-16 -16
-17 -16
-17 -17
-18 -17
-18 -18
-17 -18
-16 -18
-16 -19
-15 -19
-14 -19
-15 -18
-14 -18
-15 -20
-14 -20
-14 -21
-15 -21
-16 -21
-16 -20
-17 -21
-18 -21
-19 -21
-20 -21
-20 -22
-19 -22
-19 -23
-20 -23
-20 -24
-21 -24
-18 -22
-17 -22
-16 -22
-15 -22
-14 -22
-13 -22
-12 -22
-12 -21
-12 -20
-12 -19
-13 -19
-13 -20
-13 -21
-12 -23
-11 -23
-11 -22
-11 -21
-12 -24
-11 -24
-11 -25
-13 -23
-19 -18
-10 -14
-9 -14
-8 -14
-7 -14
-7 -15
-8 -15
-7 -16
-6 -16
-5 -16
-4 -16
-3 -16
-2 -16
-2 -17
-3 -17
-4 -17
-4 -15
-5 -15
-5 -17
-6 -15
-6 -17
-8 -16
-9 -16
-9 -17
-8 -17
-7 -17
-7 -18
-7 -19
-6 -19
-6 -18
-5 -18
-5 -19
-8 -19
-7 -20
-8 -20
-8 -21
-8 -22
-8 -23
-7 -23
-7 -24
-6 -24
-6 -25
-5 -25
-4 -25
-5 -24
-5 -23
-4 -23
-3 -23
-2 -23
-2 -24
-1 -24
0 -24
1 -24
2 -24
2 -25
3 -25
3 -24
3 -23
2 -23
2 -22
1 -23
1 -22
0 -23
-1 -23
1 -25
0 -25
-1 -25
-1 -26
-1 -27
-2 -27
-2 -26
-2 -25
-3 -26
-3 -25
-3 -27
0 -26
1 -26
1 -27
-3 -22
-2 -22
-1 -22
0 -22
0 -21
1 -21
2 -21
2 -20
3 -20
4 -20
5 -20
6 -20
7 -20
6 -21
5 -21
4 -21
3 -21
3 -22
4 -22
5 -22
6 -22
6 -23
7 -23
8 -23
8 -22
9 -22
9 -21
9 -20
8 -20
8 -19
9 -19
10 -19
10 -20
8 -21
7 -21
5 -23
4 -23
4 -24
5 -24
6 -24
4 -19
3 -19
2 -19
2 -18
1 -18
0 -18
0 -17
0 -16
-1 -16
-1 -17
0 -19
0 -20
-1 -20
-1 -19
-1 -18
-2 -20
-2 -21
-1 -21
1 -19
1 -20
-3 -21
-4 -21
-4 -20
-3 -20
-3 -19
-2 -19
-2 -18
-3 -18
-4 -18
-4 -19
-4 -22
-5 -22
-5 -21
-5 -20
-6 -21
-6 -23
-5 -26
-4 -26
-4 -27
-4 -28
-5 -28
-5 -29
-4 -29
-3 -29
-3 -28
-3 -30
-4 -30
-5 -30
-4 -31
-6 -29
-6 -30
-7 -30
-8 -30
-9 -30
-6 -31
-5 -31
-6 -26
-7 -25
-8 -25
-8 -24
-9 -15
-10 -15
-11 -15
-10 -16
-11 -14
-10 -11
-9 -11
-8 -11
-7 -11
-9 -10
-8 -10
-7 -10
-8 -9
-7 -9
-6 -9
-6 -8
-6 -7
-7 -7
-8 -7
-8 -8
-6 -10
-9 -9
-14 -11
-14 -12
-13 -12
-12 -12
-15 -12
-16 -12
-17 -12
-17 -11
-15 -13
-14 -13
-16 -13
-17 -13
-16 -14
-10 -9
-5 0
-1 -4
-2 -4
-3 -4
-4 -4
-4 -5
-5 -5
-5 -4
-4 -6
-3 -6
-2 -6
-2 -5
-1 -5
0 -5
1 -5
1 -4
0 -4
1 -6
0 -6
-1 -6
-1 -7
-2 -7
-1 -8
-1 -9
0 -9
1 -9
2 -9
3 -9
0 -10
1 -10
2 -10
3 -10
4 -10
4 -9
2 -11
3 -11
4 -11
4 -12
3 -12
2 -12
3 -13
4 -13
4 -14
5 -14
6 -14
5 -13
6 -13
6 -12
7 -12
6 -11
7 -11
4 -15
4 -16
5 -16
5 -17
4 -17
3 -17
2 -17
2 -16
3 -16
2 -13
1 -13
1 -12
1 -11
0 -12
-1 -12
-1 -11
0 -11
-1 -10
-2 -10
-2 -9
-3 -10
-4 -10
-4 -9
-4 -8
-3 -8
-3 -9
-4 -7
-3 -7
-5 -7
-5 -9
-5 -8
-3 -11
-4 -11
-5 -11
-6 -11
-6 -12
-7 -12
-5 -12
-4 -12
-4 -13
-3 -13
-3 -12
-2 -12
-2 -11
-3 -14
-2 -14
-2 -15
-1 -15
-1 -14
-1 -13
-3 -15
-5 -13
-5 -14
0 -13
0 -14
1 -14
1 -15
0 -15
2 -14
3 -14
2 -15
3 -15
0 -7
1 -7
2 -7
3 -7
4 -7
4 -6
3 -6
2 -6
2 -5
3 -5
3 -4
2 -8
3 -8
4 -8
5 -8
5 -7
5 -9
5 -10
5 -11
5 -12
1 -8
0 -8
2 -3
3 -3
4 -3
1 0
