4613
0 0
1 0
2 0
2 -1
1 1
1 2
1 -1
0 -1
-1 -1
-1 -2
-1 -3
-2 -3
-3 -3
-4 -3
-4 -4
-3 -4
-5 -4
-5 -3
-5 -2
-4 -2
-3 -2
-2 -2
-2 -1
-4 -1
-4 0
-3 0
-2 0
-1 0
-1 1
-1 2
-1 3
-2 3
-2 4
-2 1
-2 2
-3 2
-3 3
-4 3
-5 3
-4 2
-5 2
-6 2
-7 2
-8 2
-8 3
-7 3
-9 3
-9 2
-8 1
-9 1
-10 1
-11 1
-11 2
-10 2
-12 2
-12 3
-12 4
-11 4
-10 4
-13 2
-10 0
-9 0
-10 -1
-9 -1
-9 -2
-8 -2
-7 -2
-8 -1
-8 -3
-9 -3
-8 0
-7 0
-6 0
-5 0
-5 -1
-7 1
-6 1
-5 1
-3 1
-4 1
-6 -3
-6 -2
-6 -4
-7 -4
-7 -3
-8 -4
-9 -4
-10 -4
-11 -4
-6 -5
-5 -5
-7 -5
-2 -4
-1 -4
0 -2
1 -2
2 -2
3 -2
2 -3
3 -3
4 -3
4 -2
4 -4
3 -4
1 -3
0 -3
1 -4
1 -5
2 -4
2 -5
3 -5
3 -6
4 -6
5 -6
6 -6
6 -5
6 -4
7 -4
7 -3
8 -3
8 -4
9 -4
10 -4
10 -3
11 -3
11 -2
12 -2
12 -1
13 -1
14 -1
15 -1
16 -1
16 0
17 0
18 0
18 -1
18 -2
17 -2
16 -2
16 -3
17 -3
18 -3
18 -4
18 -5
17 1
17 -1
15 0
15 1
16 1
15 2
16 2
17 2
18 2
19 2
20 2
21 2
21 3
22 3
23 3
22 2
23 2
23 1
24 1
25 1
25 2
26 2
26 1
26 0
27 0
24 0
22 1
21 1
22 0
21 0
20 0
20 1
19 1
19 0
19 -1
20 -1
22 -1
21 -1
21 -2
20 -2
19 -2
21 -3
22 -3
23 -3
24 -3
25 -3
25 -2
26 -2
26 -1
27 -1
28 -1
28 -2
27 -2
27 -3
28 -3
29 -3
27 -4
27 -5
28 -5
29 -5
29 -4
30 -4
31 -4
31 -5
32 -5
30 -5
30 -6
29 -6
29 -7
30 -7
31 -7
31 -6
32 -6
33 -6
34 -6
34 -7
35 -7
36 -7
36 -6
37 -6
37 -5
38 -5
38 -4
39 -4
40 -4
40 -5
41 -5
42 -5
41 -4
41 -3
41 -2
42 -2
41 -1
42 -1
42 0
43 0
43 -1
42 1
42 2
41 1
41 2
41 3
41 4
40 1
41 0
40 0
39 0
39 -1
40 -1
40 -2
39 -2
40 -3
39 -3
41 -6
42 -6
41 -7
42 -7
43 -7
44 -7
44 -6
45 -6
45 -5
46 -5
45 -4
45 -3
45 -2
44 -3
44 -4
43 -4
43 -3
43 -2
44 -2
42 -3
42 -4
44 -5
45 -7
46 -7
47 -7
46 -6
47 -6
47 -5
47 -4
48 -4
48 -3
49 -3
48 -2
49 -2
50 -2
50 -1
50 0
50 1
51 1
52 1
53 1
54 1
55 1
55 0
54 0
53 0
52 0
51 0
51 -1
51 -2
51 -3
52 -3
52 -2
52 -1
51 -4
50 -4
50 -5
51 -5
52 -5
52 -6
53 -6
53 -7
51 -6
52 -7
51 -7
51 -8
50 -8
53 -1
55 -1
56 -1
56 0
56 1
56 2
57 2
57 3
58 3
59 3
60 3
59 2
60 2
60 1
61 1
60 0
61 0
62 0
59 0
58 0
58 1
57 1
57 0
57 -1
58 -1
57 -2
58 -2
58 -3
57 -3
60 -1
59 -1
58 2
58 4
58 5
57 4
57 5
56 5
55 5
55 4
56 4
54 4
54 3
55 3
54 2
55 2
53 2
56 3
52 2
51 2
51 3
52 3
53 3
53 4
52 4
52 5
53 5
51 5
50 5
50 6
51 6
51 7
52 7
53 7
53 8
53 9
53 10
53 11
54 11
55 11
56 11
57 11
58 11
58 12
59 12
60 12
61 12
61 13
62 13
62 14
63 14
63 15
64 15
63 16
62 12
63 12
63 13
64 13
65 13
66 13
67 13
67 12
66 12
65 14
66 14
66 15
67 15
66 16
66 17
65 15
65 16
64 14
64 12
65 12
65 11
66 11
66 10
66 9
65 9
64 11
65 10
64 10
64 9
63 9
61 11
62 11
60 13
60 11
58 13
59 13
59 14
58 14
58 15
58 16
57 16
57 17
57 18
57 19
57 20
58 20
58 19
59 19
60 19
61 19
62 19
62 20
60 20
61 20
60 21
61 21
61 22
62 22
63 22
64 22
64 23
65 23
65 24
64 24
63 24
63 25
63 26
62 26
63 23
64 21
65 21
65 22
66 22
66 23
67 23
67 24
67 25
67 26
67 27
67 28
68 28
68 29
66 28
65 28
64 28
64 29
65 29
66 29
66 30
67 30
68 30
68 31
68 32
68 33
69 33
67 32
67 33
67 29
65 30
65 31
66 31
67 31
66 32
66 33
66 34
66 35
67 35
67 34
66 36
67 36
66 37
67 37
68 37
69 37
69 36
70 36
71 36
71 37
71 38
72 38
70 38
69 38
69 39
68 39
67 39
67 40
68 40
67 41
68 41
66 41
66 42
67 42
65 42
65 43
66 43
67 43
67 44
66 44
66 45
66 46
64 43
63 43
63 44
63 45
64 45
63 42
64 42
65 41
66 40
67 38
68 38
68 36
69 35
68 35
68 34
69 34
66 38
65 35
65 34
64 34
64 35
63 35
63 34
64 33
63 33
64 32
63 32
63 31
62 31
64 31
64 30
63 30
63 29
63 28
65 32
65 33
64 27
65 27
66 27
66 26
65 26
64 26
65 25
66 25
66 24
63 27
62 27
62 28
62 29
62 30
66 21
67 21
68 21
68 20
69 20
69 21
65 20
64 20
65 19
65 18
66 18
66 19
63 21
63 20
62 21
61 23
60 23
60 22
60 18
61 18
60 17
61 17
62 17
63 17
62 18
63 18
63 19
64 19
64 18
59 17
59 18
58 18
58 17
59 20
57 21
58 21
56 20
56 19
55 19
55 18
56 18
56 16
56 17
55 16
54 16
54 17
55 17
53 17
53 18
54 18
57 15
56 15
55 15
55 14
54 14
57 12
57 13
57 14
56 14
56 13
56 12
55 12
55 13
54 13
53 13
53 14
53 15
54 15
53 16
52 16
51 16
51 17
51 18
52 18
51 19
50 19
50 18
50 17
50 16
50 15
51 15
52 15
52 14
53 12
54 12
58 10
59 10
60 10
61 10
62 10
61 9
60 9
59 9
57 10
56 10
55 10
54 10
54 9
55 9
56 9
57 9
58 9
58 8
58 7
59 7
59 8
60 8
60 7
61 7
58 6
59 6
57 8
57 7
56 8
55 8
54 8
54 7
55 7
56 7
52 9
52 10
51 9
51 10
50 10
50 11
51 11
50 12
51 12
50 9
51 8
50 8
49 8
49 9
48 9
48 10
47 10
48 8
49 7
50 7
48 7
49 6
48 6
48 5
49 5
49 4
50 4
50 3
49 3
48 3
48 4
47 4
47 5
47 6
47 7
47 8
47 9
46 8
46 6
45 6
45 7
45 8
45 5
46 5
44 5
43 5
43 4
44 4
44 3
45 3
45 4
46 4
46 3
45 2
44 2
43 2
43 3
42 3
43 1
47 3
47 2
48 2
48 1
49 1
49 2
50 2
46 2
47 1
52 8
51 4
49 -1
49 0
48 0
47 0
47 -1
46 -1
48 -1
50 -3
47 -2
46 -2
47 -3
46 -4
46 -8
47 -8
47 -9
48 -9
48 -8
46 -9
46 -10
47 -10
47 -11
46 -11
46 -12
47 -12
47 -13
46 -13
46 -14
47 -14
45 -10
44 -10
44 -9
45 -8
44 -8
43 -8
42 -8
42 -9
40 -7
40 -6
39 -6
39 -5
40 -8
40 -9
41 -9
41 -8
39 -9
40 -10
41 -10
42 -10
40 -11
40 -12
38 -3
37 -3
37 -4
37 -7
38 -7
38 -8
37 -8
36 -8
38 -9
37 -9
36 -9
36 -10
35 -10
34 -10
33 -10
33 -9
34 -9
35 -9
35 -8
34 -8
33 -8
33 -7
32 -8
31 -8
30 -8
29 -8
28 -8
28 -7
27 -7
31 -9
30 -9
30 -10
31 -10
31 -11
30 -11
29 -11
28 -11
28 -10
27 -11
27 -10
27 -9
29 -10
32 -9
32 -10
33 -11
33 -12
32 -12
32 -11
31 -12
31 -13
34 -11
38 -10
37 -10
32 -7
26 -5
26 -6
27 -6
28 -6
25 -6
25 -5
25 -4
26 -4
25 -7
24 -7
24 -6
23 -6
23 -7
23 -8
23 -9
26 -7
25 -1
25 0
24 -2
24 -1
23 -2
23 -4
24 -4
22 -2
22 -4
21 -4
20 -4
20 -3
19 -3
19 -4
19 -5
20 -5
21 -5
22 -5
23 -5
22 -6
22 -7
21 -7
21 -8
20 -8
20 -9
21 -9
22 -9
22 -10
23 -10
23 -11
22 -11
21 -11
20 -10
21 -10
19 -10
19 -11
20 -11
18 -11
19 -12
20 -12
21 -12
21 -13
22 -13
22 -14
22 -15
22 -16
23 -16
23 -15
23 -17
24 -17
24 -18
25 -18
26 -18
27 -18
26 -17
27 -17
28 -17
29 -17
29 -16
29 -15
28 -15
28 -14
29 -14
30 -14
30 -15
31 -15
31 -14
31 -16
30 -16
27 -14
27 -13
28 -13
26 -14
27 -15
26 -15
25 -15
25 -14
24 -14
23 -14
24 -15
25 -16
26 -16
24 -16
25 -17
27 -16
28 -16
28 -18
23 -18
23 -19
23 -20
22 -20
22 -19
21 -20
22 -17
21 -17
21 -16
21 -15
21 -14
20 -15
19 -15
19 -16
20 -16
20 -17
19 -17
18 -17
19 -18
20 -18
21 -18
21 -19
20 -19
19 -19
19 -20
20 -20
18 -18
18 -19
18 -20
17 -20
17 -19
17 -21
18 -21
18 -22
19 -22
20 -22
21 -22
20 -21
20 -23
19 -23
18 -23
17 -23
17 -22
16 -21
15 -21
15 -22
15 -23
14 -23
14 -22
13 -22
13 -23
12 -23
12 -22
11 -23
11 -22
11 -21
10 -22
10 -21
9 -21
9 -22
9 -23
10 -23
8 -23
8 -24
8 -25
8 -26
9 -26
10 -26
10 -25
9 -25
7 -26
7 -25
7 -24
7 -23
7 -22
8 -22
8 -21
8 -20
8 -19
7 -19
7 -18
8 -18
9 -18
10 -18
11 -18
12 -18
13 -18
13 -19
12 -19
12 -17
13 -17
11 -17
10 -17
9 -17
8 -17
7 -17
7 -20
6 -20
6 -21
7 -21
5 -21
5 -20
4 -20
4 -19
4 -18
4 -17
5 -17
6 -17
6 -16
7 -16
6 -15
6 -14
7 -14
8 -14
9 -14
10 -14
11 -14
10 -13
11 -13
10 -12
10 -11
9 -13
9 -12
8 -13
8 -12
7 -13
6 -13
10 -15
9 -15
9 -16
10 -16
8 -16
8 -15
7 -15
5 -16
5 -15
5 -14
4 -16
3 -16
3 -15
4 -15
3 -14
3 -13
4 -13
5 -13
4 -14
2 -13
2 -14
1 -14
2 -15
1 -15
0 -15
0 -14
0 -13
1 -13
1 -12
0 -12
-1 -13
-1 -15
-2 -15
-2 -14
-1 -14
-2 -13
-3 -14
0 -16
2 -16
2 -17
3 -17
3 -18
2 -18
1 -18
0 -18
0 -17
1 -17
1 -16
2 -19
3 -19
5 -18
6 -18
3 -20
2 -20
4 -21
3 -21
5 -22
6 -22
6 -23
4 -22
4 -23
5 -23
3 -23
6 -26
6 -25
5 -25
4 -25
4 -24
3 -25
3 -24
2 -24
1 -24
1 -25
2 -25
2 -26
1 -26
1 -27
2 -27
3 -27
4 -27
4 -26
5 -26
4 -28
5 -28
5 -29
5 -30
6 -30
7 -30
7 -29
8 -29
9 -29
8 -28
8 -27
9 -27
8 -30
8 -31
7 -31
6 -29
6 -28
6 -31
5 -31
5 -32
6 -32
7 -32
8 -32
8 -33
9 -33
9 -32
9 -31
10 -31
11 -31
12 -31
12 -30
12 -29
13 -29
13 -28
14 -28
14 -27
13 -27
13 -26
14 -26
15 -26
16 -26
17 -26
18 -26
19 -26
20 -26
20 -25
20 -24
21 -24
21 -25
19 -25
18 -25
18 -27
19 -27
19 -28
18 -28
17 -25
17 -24
18 -24
16 -24
17 -27
16 -25
15 -25
14 -25
13 -25
13 -24
12 -24
12 -25
12 -26
11 -26
11 -25
13 -30
12 -28
11 -29
11 -28
10 -28
10 -27
11 -27
9 -28
10 -29
10 -30
9 -30
11 -30
12 -32
11 -32
11 -33
10 -33
10 -34
10 -35
9 -35
9 -36
8 -36
7 -36
7 -37
6 -37
5 -37
5 -36
4 -36
3 -36
3 -35
3 -34
3 -33
2 -33
1 -33
0 -33
0 -34
2 -35
2 -34
1 -34
1 -35
2 -36
1 -36
0 -36
-1 -36
-1 -35
-2 -35
-3 -35
-3 -34
-2 -34
-1 -34
-2 -33
-1 -33
-3 -33
-4 -33
-5 -33
-5 -34
-5 -35
-4 -34
-4 -35
-4 -36
-3 -36
-3 -37
-4 -37
-2 -36
-2 -37
-1 -37
0 -37
-1 -38
1 -37
1 -38
0 -38
0 -39
-1 -39
-2 -39
-2 -40
-3 -40
-3 -41
-2 -41
-1 -41
0 -41
0 -40
1 -40
2 -40
1 -41
2 -41
3 -41
4 -41
4 -42
5 -42
5 -41
5 -43
6 -43
6 -42
6 -41
7 -41
6 -40
7 -40
7 -39
7 -38
6 -38
6 -39
5 -39
5 -38
4 -38
4 -39
5 -40
4 -40
3 -40
5 -44
4 -44
3 -42
4 -43
3 -43
3 -44
3 -45
2 -45
1 -45
0 -45
0 -44
0 -43
0 -42
-1 -43
-2 -43
-2 -44
-1 -44
-1 -45
-2 -45
-3 -45
-4 -45
-4 -44
-3 -44
-4 -43
-3 -43
-3 -42
-2 -42
-4 -42
-5 -42
-5 -41
-4 -41
-4 -40
-4 -39
-4 -46
-3 -46
-3 -47
-2 -47
-2 -46
-5 -46
-5 -47
-4 -47
2 -42
1 -42
1 -43
1 -44
-1 -40
1 -39
2 -39
3 -37
4 -37
2 -37
2 -38
3 -38
12 -33
10 -32
9 -34
7 -33
6 -33
6 -34
5 -34
4 -34
4 -35
5 -35
4 -32
4 -33
5 -33
4 -30
4 -29
3 -29
2 -29
1 -29
0 -29
0 -28
1 -28
2 -28
3 -28
0 -27
-1 -27
-2 -27
-3 -27
-3 -26
-2 -26
-2 -25
-1 -25
0 -25
-2 -24
-2 -23
-1 -23
-3 -23
-3 -22
-3 -21
-2 -21
-2 -20
-1 -20
0 -20
0 -19
0 -21
1 -21
2 -21
1 -20
-2 -19
-3 -20
-4 -27
-5 -27
-5 -26
-6 -27
-7 -27
-7 -28
-8 -28
-8 -29
-7 -29
-7 -30
-6 -30
-6 -29
-5 -29
-6 -28
-5 -28
-4 -28
-4 -29
-8 -30
-9 -30
-8 -31
-7 -31
-6 -31
-6 -32
-5 -32
-4 -32
-7 -32
-7 -33
-6 -33
-7 -34
-6 -34
-6 -35
-7 -35
-8 -32
-9 -32
-10 -32
-10 -31
-11 -32
-11 -31
-11 -30
-10 -30
-11 -29
-10 -29
-10 -28
-9 -28
-9 -29
-11 -28
-11 -27
-10 -27
-9 -27
-11 -26
-10 -26
-11 -25
-11 -24
-10 -24
-10 -23
-10 -22
-9 -22
-8 -22
-7 -22
-6 -22
-5 -22
-5 -23
-5 -24
-6 -24
-6 -25
-5 -25
-4 -25
-4 -24
-3 -24
-3 -25
-4 -26
-7 -25
-7 -24
-7 -23
-8 -23
-8 -25
-6 -26
-6 -21
-7 -21
-7 -20
-6 -20
-6 -19
-5 -19
-4 -19
-3 -19
-4 -18
-3 -18
-5 -20
-5 -21
-6 -18
-6 -17
-7 -19
-7 -18
-8 -20
-8 -19
-9 -20
-9 -21
-8 -21
-6 -23
-9 -23
-9 -24
-9 -25
-10 -21
-10 -20
-10 -19
-9 -19
-9 -18
-8 -18
-8 -17
-7 -17
-8 -16
-8 -15
-9 -15
-9 -14
-8 -14
-7 -14
-7 -13
-9 -13
-9 -12
-10 -13
-11 -13
-10 -14
-11 -14
-11 -15
-10 -15
-10 -16
-9 -16
-12 -15
-12 -14
-13 -14
-14 -14
-14 -13
-13 -13
-12 -13
-13 -12
-14 -12
-14 -11
-14 -10
-13 -10
-13 -11
-12 -11
-11 -11
-10 -11
-9 -11
-8 -11
-8 -12
-9 -10
-10 -10
-10 -12
-11 -12
-12 -12
-11 -10
-15 -13
-15 -12
-15 -11
-15 -10
-16 -10
-17 -10
-17 -9
-17 -8
-16 -8
-16 -7
-16 -6
-15 -6
-15 -7
-14 -7
-13 -7
-14 -6
-14 -5
-13 -5
-18 -10
-18 -9
-18 -8
-18 -7
-19 -7
-19 -6
-18 -6
-18 -5
-17 -5
-17 -4
-16 -4
-17 -3
-16 -3
-18 -4
-17 -6
-17 -7
-19 -5
-19 -4
-20 -7
-20 -6
-20 -5
-21 -5
-21 -7
-22 -7
-22 -6
-23 -6
-23 -5
-23 -4
-23 -7
-24 -7
-25 -7
-26 -7
-26 -6
-25 -6
-24 -6
-26 -5
-25 -5
-24 -5
-26 -4
-25 -4
-24 -4
-24 -3
-24 -2
-24 -1
-23 -1
-22 -1
-23 -2
-24 0
-25 0
-26 0
-25 -1
-26 -1
-25 -2
-25 -3
-26 -3
-27 -3
-27 -2
-27 -1
-27 0
-27 1
-27 2
-28 2
-29 2
-28 1
-29 1
-30 1
-30 2
-28 0
-29 0
-30 0
-29 -1
-28 -1
-28 -2
-29 -2
-30 -2
-28 -3
-29 -3
-30 -3
-30 -4
-31 -4
-31 -3
-32 -3
-32 -2
-31 -2
-29 -4
-28 -4
-28 -5
-29 -5
-27 -4
-27 -5
-27 -6
-23 -8
-24 -8
-25 -8
-25 -9
-25 -10
-26 -10
-26 -9
-26 -8
-27 -10
-28 -10
-28 -9
-27 -9
-27 -11
-27 -12
-26 -12
-26 -13
-28 -12
-29 -12
-30 -12
-30 -11
-30 -10
-30 -9
-29 -9
-29 -10
-30 -8
-29 -8
-28 -8
-27 -8
-31 -8
-32 -8
-32 -9
-33 -9
-33 -8
-33 -7
-33 -6
-33 -5
-33 -4
-32 -4
-32 -5
-33 -3
-33 -10
-32 -10
-31 -10
-31 -11
-32 -11
-33 -11
-33 -12
-33 -13
-32 -13
-32 -12
-32 -14
-33 -14
-34 -14
-32 -15
-33 -15
-34 -15
-34 -16
-33 -16
-32 -16
-35 -16
-35 -15
-35 -14
-35 -13
-36 -15
-36 -14
-37 -15
-37 -14
-38 -15
-39 -15
-39 -14
-37 -16
-36 -16
-37 -17
-36 -17
-35 -17
-34 -17
-35 -18
-34 -18
-34 -19
-33 -19
-32 -19
-32 -20
-31 -20
-31 -21
-30 -21
-29 -21
-28 -21
-27 -21
-26 -21
-25 -21
-25 -20
-25 -19
-25 -18
-25 -17
-25 -16
-24 -16
-23 -16
-24 -15
-24 -14
-24 -13
-24 -12
-23 -12
-22 -12
-21 -12
-20 -12
-20 -11
-21 -11
-22 -11
-23 -11
-24 -17
-23 -17
-22 -17
-21 -17
-20 -17
-20 -16
-21 -16
-22 -16
-22 -15
-21 -15
-21 -14
-20 -14
-19 -14
-18 -14
-18 -13
-17 -13
-16 -13
-17 -14
-19 -13
-20 -13
-22 -14
-20 -18
-21 -18
-21 -19
-20 -19
-21 -20
-20 -20
-22 -20
-23 -20
-24 -20
-24 -19
-23 -19
-23 -18
-22 -18
-24 -18
-24 -21
-23 -21
-23 -22
-22 -22
-21 -22
-20 -22
-20 -23
-19 -23
-19 -22
-18 -22
-17 -22
-16 -22
-17 -21
-17 -23
-17 -24
-18 -24
-17 -25
-18 -25
-18 -26
-19 -26
-19 -25
-19 -24
-20 -25
-21 -25
-21 -24
-20 -24
-21 -23
-20 -26
-21 -26
-21 -27
-20 -27
-22 -27
-22 -26
-23 -27
-23 -26
-23 -25
-22 -25
-24 -26
-24 -27
-25 -27
-24 -28
-23 -28
-25 -28
-26 -28
-26 -27
-26 -29
-25 -29
-24 -29
-23 -29
-22 -29
-22 -28
-21 -28
-20 -28
-20 -29
-19 -29
-19 -30
-18 -30
-17 -30
-16 -30
-16 -29
-15 -29
-14 -29
-13 -29
-13 -28
-14 -30
-13 -30
-13 -31
-12 -31
-12 -32
-12 -33
-14 -31
-14 -32
-15 -32
-15 -31
-16 -32
-16 -31
-16 -33
-15 -33
-15 -34
-14 -34
-16 -34
-14 -33
-13 -33
-15 -30
-17 -29
-17 -28
-17 -27
-16 -27
-15 -27
-15 -28
-16 -26
-15 -26
-16 -25
-15 -25
-14 -25
-13 -25
-14 -24
-15 -24
-15 -23
-14 -23
-13 -23
-13 -24
-12 -24
-12 -23
-11 -23
-12 -22
-12 -21
-14 -22
-15 -22
-16 -23
-16 -24
-17 -26
-18 -28
-18 -27
-19 -27
-19 -28
-18 -29
-20 -30
-21 -30
-21 -29
-22 -30
-23 -30
-21 -31
-20 -31
-19 -31
-19 -32
-19 -21
-22 -23
-23 -23
-23 -24
-22 -24
-22 -21
-21 -21
-20 -21
-25 -15
-25 -14
-26 -14
-26 -15
-27 -15
-28 -15
-29 -15
-29 -14
-28 -14
-27 -14
-27 -13
-28 -13
-29 -13
-29 -16
-28 -16
-26 -18
-27 -18
-26 -19
-27 -19
-25 -22
-26 -22
-25 -23
-24 -23
-27 -20
-27 -22
-28 -22
-28 -20
-29 -20
-29 -19
-29 -18
-28 -18
-28 -19
-30 -19
-30 -22
-29 -22
-29 -23
-28 -23
-27 -23
-27 -24
-26 -24
-26 -23
-28 -24
-29 -24
-29 -25
-30 -25
-29 -26
-28 -26
-28 -25
-28 -27
-27 -27
-27 -26
-26 -26
-26 -25
-27 -25
-27 -28
-30 -26
-29 -27
-30 -27
-29 -28
-30 -28
-29 -29
-29 -30
-30 -30
-30 -29
-31 -29
-32 -29
-32 -28
-33 -28
-33 -27
-32 -27
-33 -26
-33 -25
-32 -25
-31 -25
-31 -24
-31 -26
-31 -27
-31 -28
-32 -24
-32 -23
-33 -23
-33 -22
-34 -23
-34 -22
-34 -21
-33 -21
-35 -21
-35 -23
-35 -22
-36 -22
-36 -23
-37 -23
-37 -22
-37 -21
-36 -21
-37 -20
-36 -20
-35 -20
-34 -20
-35 -19
-37 -19
-38 -22
-38 -21
-39 -22
-39 -21
-40 -21
-41 -21
-41 -20
-42 -21
-42 -20
-42 -19
-41 -19
-40 -19
-39 -19
-38 -19
-38 -18
-38 -17
-38 -16
-41 -18
-42 -18
-43 -19
-44 -19
-45 -19
-45 -18
-46 -18
-46 -19
-46 -20
-46 -21
-47 -21
-48 -21
-48 -20
-47 -20
-47 -19
-47 -18
-48 -18
-49 -20
-50 -20
-50 -19
-49 -19
-49 -18
-49 -17
-50 -18
-50 -17
-51 -17
-51 -18
-52 -18
-53 -18
-54 -18
-54 -17
-54 -16
-53 -16
-53 -17
-55 -17
-55 -18
-56 -18
-56 -17
-56 -16
-56 -15
-57 -16
-56 -19
-57 -19
-55 -19
-54 -19
-53 -19
-52 -19
-53 -20
-53 -21
-54 -21
-54 -20
-55 -20
-56 -20
-54 -22
-53 -22
-52 -22
-52 -23
-51 -23
-53 -23
-54 -23
-55 -23
-56 -23
-56 -22
-55 -22
-56 -21
-55 -21
-57 -21
-58 -21
-58 -20
-58 -19
-59 -19
-59 -18
-60 -19
-60 -18
-60 -17
-60 -16
-59 -16
-59 -17
-58 -17
-58 -16
-60 -15
-59 -15
-58 -15
-57 -15
-59 -14
-58 -14
-57 -14
-58 -13
-58 -12
-57 -12
-57 -11
-56 -11
-56 -12
-55 -12
-58 -11
-57 -13
-60 -14
-60 -13
-60 -12
-60 -11
-60 -10
-59 -10
-58 -10
-58 -9
-57 -9
-56 -9
-56 -8
-56 -7
-55 -7
-54 -7
-54 -6
-55 -6
-55 -5
-55 -4
-54 -4
-53 -4
-53 -5
-53 -6
-53 -7
-53 -8
-54 -5
-56 -4
-56 -3
-56 -2
-55 -2
-55 -3
-54 -3
-54 -2
-53 -2
-52 -2
-52 -3
-51 -3
-50 -3
-50 -2
-50 -4
-49 -4
-48 -4
-48 -3
-47 -3
-46 -3
-46 -4
-45 -4
-45 -3
-44 -3
-47 -4
-46 -5
-46 -6
-45 -6
-49 -3
-48 -5
-47 -5
-47 -6
-48 -6
-48 -7
-47 -7
-46 -7
-47 -8
-49 -7
-49 -6
-50 -7
-50 -8
-50 -9
-50 -10
-51 -10
-51 -9
-51 -8
-51 -7
-51 -6
-50 -6
-50 -5
-49 -5
-52 -8
-52 -9
-53 -9
-53 -10
-52 -10
-49 -8
-48 -8
-51 -4
-52 -4
-53 -3
-53 -1
-52 -1
-52 0
-54 -1
-54 0
-54 1
-55 1
-55 2
-54 2
-55 3
-55 4
-54 4
-54 5
-53 5
-52 5
-51 5
-51 6
-51 7
-50 7
-49 7
-48 7
-47 7
-47 8
-47 9
-48 9
-48 10
-47 10
-46 10
-46 9
-48 11
-48 12
-47 12
-49 11
-49 12
-49 9
-49 10
-50 9
-50 10
-50 11
-50 12
-51 12
-51 13
-50 13
-49 13
-49 14
-48 14
-48 15
-48 16
-48 17
-49 17
-49 18
-49 19
-48 19
-47 19
-46 19
-46 20
-47 20
-47 21
-46 21
-46 22
-45 22
-45 23
-46 23
-45 21
-44 21
-46 18
-48 18
-47 18
-47 17
-46 17
-45 17
-45 18
-44 18
-43 18
-44 17
-43 17
-43 16
-42 16
-42 17
-44 16
-45 16
-44 15
-45 15
-46 15
-46 16
-46 14
-46 13
-45 14
-45 13
-45 12
-46 12
-45 19
-45 20
-49 20
-50 20
-50 21
-51 20
-51 21
-52 21
-52 22
-51 22
-50 22
-52 20
-50 17
-50 16
-50 15
-49 15
-49 16
-51 15
-51 14
-50 14
-52 13
-52 12
-48 8
-48 6
-47 6
-47 5
-46 5
-45 5
-45 4
-44 4
-44 3
-46 4
-46 3
-45 3
-47 3
-47 4
-48 4
-49 4
-50 4
-50 5
-50 6
-51 4
-51 3
-50 3
-49 3
-50 2
-49 2
-48 2
-47 2
-46 2
-46 1
-47 1
-47 0
-46 0
-47 -1
-46 -1
-45 -1
-45 0
-45 -2
-46 -2
-48 -1
-49 -1
-49 0
-49 1
-50 1
-51 1
-52 1
-53 1
-50 0
-50 -1
-51 -1
-51 0
-48 -2
-49 -2
-47 -2
-51 2
-48 3
-46 6
-45 6
-46 7
-45 7
-44 7
-44 8
-44 6
-45 8
-46 8
-49 6
-49 5
-49 8
-51 8
-52 8
-55 5
-54 3
-53 3
-53 2
-56 4
-56 5
-56 6
-57 5
-57 6
-57 7
-57 4
-57 3
-56 3
-55 -1
-55 0
-56 -1
-57 -1
-57 0
-57 1
-56 1
-56 2
-57 2
-58 0
-58 1
-59 1
-60 1
-60 0
-60 -1
-59 0
-59 -1
-59 -2
-58 -2
-57 -2
-59 -3
-57 -3
-58 -3
-57 -4
-57 -5
-56 -5
-58 -5
-58 -6
-57 -6
-56 -6
-54 -8
-57 -7
-58 -7
-59 -7
-59 -6
-60 -7
-61 -7
-62 -7
-63 -7
-63 -6
-64 -6
-64 -5
-64 -4
-63 -4
-64 -3
-65 -3
-65 -2
-64 -2
-66 -3
-67 -3
-67 -2
-66 -2
-67 -1
-68 -2
-68 -1
-68 0
-67 0
-69 -1
-69 0
-70 -1
-70 -2
-70 -3
-69 -3
-71 -3
-72 -3
-68 -3
-68 -4
-69 -4
-70 -4
-71 -4
-70 -5
-70 -6
-69 -6
-68 -6
-67 -6
-67 -7
-68 -7
-69 -7
-70 -7
-70 -8
-69 -8
-68 -8
-67 -4
-66 -4
-67 -5
-66 -5
-65 -5
-65 -6
-65 -7
-64 -7
-64 -8
-63 -8
-62 -8
-63 -9
-62 -9
-63 -10
-65 -8
-65 -9
-66 -9
-66 -10
-67 -10
-67 -9
-67 -8
-68 -10
-68 -9
-69 -9
-70 -9
-69 -10
-70 -10
-70 -11
-69 -11
-68 -11
-67 -11
-67 -12
-66 -12
-66 -11
-65 -11
-64 -11
-68 -12
-69 -12
-70 -12
-69 -13
-69 -14
-64 -9
-66 -7
-66 -6
-65 -4
-58 -8
-57 -8
-56 -10
-57 -10
-59 -9
-60 -9
-60 -8
-61 -11
-62 -11
-61 -12
-61 -13
-62 -13
-62 -12
-62 -14
-61 -14
-61 -15
-62 -15
-63 -14
-64 -14
-65 -14
-61 -16
-61 -17
-61 -18
-60 -20
-60 -21
-59 -21
-59 -20
-59 -22
-60 -22
-61 -22
-62 -22
-61 -23
-60 -23
-59 -23
-60 -24
-59 -24
-58 -24
-61 -24
-61 -25
-60 -25
-59 -25
-60 -26
-60 -27
-61 -27
-61 -26
-61 -28
-60 -28
-62 -28
-63 -28
-63 -27
-62 -27
-63 -26
-62 -26
-64 -27
-65 -27
-65 -26
-64 -28
-63 -29
-63 -30
-64 -30
-64 -29
-65 -29
-65 -30
-66 -30
-66 -29
-67 -29
-67 -28
-66 -28
-65 -28
-66 -27
-67 -27
-68 -29
-68 -28
-69 -28
-69 -29
-70 -29
-71 -29
-72 -29
-72 -30
-73 -30
-73 -29
-72 -31
-71 -31
-71 -30
-68 -30
-67 -30
-67 -31
-68 -31
-69 -31
-69 -30
-69 -32
-67 -32
-66 -32
-65 -32
-66 -31
-65 -31
-68 -32
-64 -31
-63 -31
-61 -21
-61 -20
-62 -20
-63 -20
-64 -20
-64 -19
-63 -19
-62 -19
-63 -18
-65 -19
-65 -18
-66 -18
-66 -17
-65 -17
-66 -19
-67 -19
-67 -18
-67 -20
-66 -20
-65 -20
-65 -21
-66 -21
-67 -21
-68 -21
-69 -21
-70 -21
-70 -20
-69 -20
-68 -20
-68 -19
-68 -18
-69 -18
-69 -17
-69 -16
-69 -15
-70 -15
-70 -14
-70 -13
-71 -14
-71 -13
-71 -15
-71 -16
-72 -16
-72 -15
-73 -16
-73 -15
-74 -16
-73 -17
-74 -17
-72 -17
-71 -17
-70 -17
-71 -18
-70 -18
-70 -19
-70 -16
-69 -19
-71 -21
-72 -21
-72 -20
-71 -20
-71 -19
-73 -20
-74 -20
-75 -20
-75 -19
-74 -19
-73 -19
-73 -18
-72 -18
-72 -19
-74 -18
-75 -18
-74 -21
-73 -21
-73 -22
-72 -22
-71 -22
-70 -22
-73 -23
-72 -23
-72 -24
-73 -24
-74 -24
-74 -23
-74 -22
-75 -22
-76 -22
-77 -22
-77 -21
-77 -20
-76 -20
-76 -21
-77 -19
-76 -19
-76 -18
-76 -17
-75 -17
-75 -16
-76 -16
-78 -19
-79 -19
-79 -18
-78 -20
-79 -20
-78 -21
-79 -21
-79 -22
-80 -22
-81 -22
-79 -23
-80 -23
-78 -22
-77 -23
-76 -23
-76 -24
-75 -24
-75 -23
-78 -23
-69 -22
-68 -22
-68 -23
-69 -23
-70 -23
-71 -23
-71 -24
-70 -24
-69 -24
-69 -25
-68 -25
-67 -25
-67 -26
-66 -26
-68 -26
-68 -27
-70 -25
-71 -25
-71 -26
-68 -24
-67 -22
-66 -22
-65 -22
-64 -22
-63 -22
-67 -23
-67 -24
-64 -21
-58 -22
-57 -22
-56 -24
-55 -24
-54 -24
-54 -25
-53 -25
-53 -26
-52 -26
-51 -26
-51 -27
-50 -27
-49 -27
-48 -27
-47 -27
-46 -27
-45 -27
-46 -26
-46 -25
-45 -25
-45 -26
-44 -26
-44 -27
-47 -25
-47 -24
-46 -24
-46 -23
-45 -23
-44 -23
-43 -23
-43 -24
-42 -24
-42 -25
-44 -24
-44 -25
-43 -25
-43 -26
-42 -26
-43 -27
-43 -28
-42 -28
-41 -28
-41 -27
-40 -27
-39 -27
-39 -26
-39 -25
-38 -25
-37 -25
-38 -26
-37 -26
-37 -27
-36 -27
-36 -26
-35 -26
-35 -27
-36 -25
-35 -25
-34 -25
-34 -24
-33 -24
-35 -24
-36 -24
-38 -27
-38 -28
-39 -28
-40 -28
-39 -29
-39 -30
-38 -29
-39 -24
-40 -25
-40 -24
-40 -23
-41 -25
-41 -24
-41 -26
-40 -26
-42 -27
-43 -29
-45 -22
-44 -22
-43 -22
-45 -24
-47 -23
-47 -26
-48 -26
-48 -25
-46 -28
-47 -28
-48 -28
-49 -28
-47 -29
-50 -26
-50 -28
-51 -28
-52 -28
-52 -27
-53 -27
-54 -27
-54 -26
-55 -26
-55 -25
-56 -26
-56 -25
-57 -25
-57 -26
-58 -26
-58 -25
-59 -26
-58 -27
-59 -27
-59 -28
-59 -29
-58 -28
-55 -27
-53 -28
-53 -24
-52 -24
-51 -24
-52 -25
-51 -25
-51 -19
-50 -21
-49 -21
-49 -22
-48 -22
-50 -22
-49 -23
-48 -23
-49 -24
-48 -24
-49 -25
-46 -22
-43 -20
-43 -21
-44 -21
-44 -20
-45 -20
-40 -22
-38 -23
-39 -23
-38 -24
-37 -24
-32 -26
-34 -26
-34 -27
-33 -29
-33 -30
-33 -31
-32 -31
-34 -31
-34 -32
-33 -32
-34 -33
-33 -33
-32 -33
-35 -33
-35 -32
-35 -31
-35 -30
-35 -29
-36 -29
-37 -29
-37 -30
-36 -30
-38 -30
-37 -31
-36 -31
-36 -32
-37 -32
-37 -33
-37 -34
-36 -34
-36 -33
-38 -31
-38 -32
-35 -34
-35 -35
-35 -36
-35 -37
-34 -37
-33 -37
-32 -37
-31 -37
-34 -36
-33 -36
-33 -35
-33 -34
-34 -34
-34 -35
-34 -38
-33 -38
-32 -38
-31 -38
-32 -39
-31 -39
-31 -40
-32 -40
-32 -41
-33 -41
-33 -40
-36 -37
-36 -36
-36 -35
-37 -36
-37 -37
-36 -38
-37 -38
-38 -38
-37 -39
-36 -39
-35 -39
-34 -39
-35 -38
-37 -40
-36 -40
-38 -40
-30 -23
-30 -24
-32 -21
-32 -22
-33 -18
-33 -17
-36 -18
-36 -19
-34 -10
-24 -9
-23 -9
-22 -9
-24 -10
-24 -11
-21 -8
-20 -8
-19 -8
-19 -9
-19 -10
-22 -8
-17 -11
-17 -12
-18 -12
-18 -11
-19 -12
-16 -11
-16 -12
-15 -14
-15 -15
-11 -16
-9 -17
-10 -17
-10 -18
-11 -19
-11 -20
-11 -21
-11 -22
-12 -25
-12 -26
-13 -26
-14 -26
-14 -27
-13 -27
-12 -27
-12 -29
-11 -33
-10 -33
-9 -33
-8 -33
-3 -28
-2 -28
-2 -29
-1 -29
-1 -28
-3 -29
-3 -30
-4 -30
-5 -30
-3 -31
-2 -31
-2 -30
-1 -30
-2 -32
-4 -31
2 -30
3 -30
3 -31
2 -31
1 -31
0 -31
0 -30
1 -30
-1 -31
-1 -32
0 -32
1 -32
2 -32
3 -32
4 -31
3 -26
6 -27
7 -27
7 -28
14 -24
16 -22
16 -23
22 -18
20 -13
20 -14
18 -12
18 -13
17 -13
16 -13
15 -13
17 -14
18 -14
18 -15
17 -15
16 -15
16 -14
15 -14
16 -16
16 -17
16 -18
16 -19
15 -19
14 -19
16 -20
15 -20
18 -16
22 -8
20 3
19 3
19 4
20 4
19 5
20 5
20 6
21 6
21 7
21 8
20 7
19 7
19 8
18 8
17 8
17 7
17 6
18 6
19 6
18 7
18 5
18 4
18 3
16 6
16 7
15 7
14 7
14 8
13 7
13 6
14 6
15 6
21 5
22 5
23 5
24 5
25 5
24 6
23 6
22 6
22 7
23 7
22 8
22 9
23 9
24 9
25 9
26 9
27 9
26 10
25 10
24 10
24 11
25 11
25 12
25 13
26 13
27 13
28 13
26 14
27 14
28 14
28 15
29 15
29 14
27 15
26 15
25 14
25 15
25 16
24 15
24 16
23 16
23 17
24 17
25 17
26 17
24 18
25 18
25 19
26 19
27 19
27 20
27 21
27 18
28 18
28 19
29 19
30 19
29 20
30 20
30 21
30 22
31 22
32 22
33 22
34 22
34 23
35 23
35 24
35 25
36 25
37 25
38 25
38 26
38 27
39 27
40 27
41 27
39 28
38 28
37 28
37 29
37 30
37 27
36 27
36 28
36 29
35 27
36 26
37 26
39 26
39 25
40 25
40 26
41 26
42 26
42 27
42 25
43 25
43 26
44 26
45 26
45 27
46 27
47 27
47 26
47 25
48 25
49 25
49 26
50 26
51 26
51 27
50 27
49 27
48 27
48 28
48 29
47 29
47 30
46 29
45 29
44 29
47 28
51 25
52 25
53 25
52 26
53 26
51 24
52 24
52 23
53 23
51 23
50 23
49 23
49 24
50 24
50 25
48 24
47 24
46 24
46 25
46 26
46 23
45 23
45 24
45 22
46 22
46 21
47 21
48 21
48 22
48 23
47 23
47 22
47 20
47 19
45 21
44 21
50 22
51 22
52 22
53 22
54 22
54 21
55 21
56 21
56 22
57 22
57 23
58 23
58 24
59 24
60 24
58 25
59 25
60 25
60 26
60 27
59 27
59 28
59 29
60 29
61 29
61 28
60 28
61 27
60 30
59 30
58 30
58 31
59 31
59 32
60 32
61 32
62 32
62 33
62 34
61 34
61 33
60 33
60 34
59 33
59 34
58 34
58 33
58 32
57 31
57 30
58 28
57 28
56 28
56 29
57 29
58 29
56 30
56 31
56 32
56 33
57 33
57 34
56 34
55 34
54 34
54 33
55 33
55 32
55 31
54 31
54 32
53 31
54 30
55 30
55 29
54 29
57 32
56 27
57 27
58 27
58 26
59 26
57 26
57 25
56 25
56 26
55 25
55 24
56 24
57 24
54 24
54 25
55 27
55 28
54 27
54 28
53 28
53 29
52 29
51 29
51 28
52 28
53 27
55 22
55 20
54 20
53 20
49 22
49 21
50 21
48 26
45 28
44 28
43 27
43 24
44 24
44 25
45 25
42 24
41 24
43 23
44 23
41 25
40 24
39 24
39 23
40 23
41 23
42 23
40 22
41 22
42 22
43 22
44 22
43 21
42 21
42 20
43 20
43 19
42 19
42 18
43 18
44 18
45 18
46 18
47 18
45 19
46 19
46 20
45 20
44 20
45 17
44 17
43 17
43 16
44 16
45 16
46 16
47 16
47 15
48 15
49 15
49 14
49 13
50 13
50 14
48 13
49 12
48 12
48 11
49 11
49 10
47 11
46 11
46 12
46 13
47 13
47 14
46 14
45 14
45 15
45 13
44 13
44 14
44 15
45 12
44 12
44 11
43 11
43 12
42 12
42 13
43 13
43 14
42 14
42 15
43 15
42 16
41 13
40 13
40 14
39 13
39 12
39 11
38 11
38 10
38 9
39 9
40 9
40 8
41 8
41 9
42 9
43 9
43 10
44 10
44 9
45 9
45 10
46 10
46 9
45 11
44 8
44 7
44 6
42 10
42 8
43 8
43 7
42 7
41 7
42 6
40 7
39 8
39 7
39 6
38 6
37 6
37 7
38 7
37 8
38 8
36 8
36 9
36 7
35 7
35 8
35 9
35 10
35 11
34 11
34 10
33 10
32 10
32 11
33 11
31 11
31 10
32 9
33 9
34 9
31 9
34 8
33 8
33 7
34 7
34 6
33 6
33 5
33 4
34 4
34 5
35 5
36 5
36 6
35 6
32 4
32 3
31 3
33 3
34 3
33 2
34 2
32 2
32 1
33 1
34 1
32 0
32 -1
33 -1
34 -1
34 0
33 0
34 -2
32 7
31 7
31 8
32 8
31 6
32 6
30 6
30 7
29 7
28 7
29 6
29 5
30 5
30 4
31 4
31 5
29 4
29 3
30 3
29 2
30 2
30 1
30 0
30 -1
31 -1
31 0
31 -2
30 -2
30 -3
29 1
39 5
39 4
40 4
38 4
39 3
40 3
40 2
39 2
38 2
38 1
39 1
37 1
36 1
36 2
37 2
36 3
36 4
37 4
37 5
35 3
35 2
37 9
39 10
40 12
40 11
41 12
42 11
41 11
41 10
40 10
47 12
48 16
46 15
41 18
42 17
41 21
39 22
38 23
38 24
37 24
38 22
37 22
37 23
34 25
33 25
33 26
32 26
32 27
33 27
34 27
33 28
34 28
34 29
34 30
33 29
32 29
32 30
32 31
32 32
31 32
31 33
30 33
30 34
30 35
30 36
31 36
32 36
33 36
34 36
35 36
36 36
36 35
35 35
34 35
33 35
32 35
32 34
33 34
34 34
34 33
35 33
35 32
34 32
34 31
35 31
33 33
32 33
33 32
33 31
34 37
32 37
31 37
30 37
29 37
29 38
30 38
31 38
31 39
32 39
33 39
34 39
35 39
34 38
35 38
33 40
33 41
34 41
32 41
31 41
31 42
31 43
31 44
30 41
30 42
32 40
31 40
32 38
30 39
29 39
29 40
30 40
28 40
28 39
28 38
28 37
27 37
26 37
26 36
27 36
28 36
29 36
27 35
28 35
28 34
27 34
26 34
31 35
31 34
29 34
29 35
29 33
29 32
29 31
30 32
31 30
31 31
31 29
30 29
30 30
29 30
28 30
28 31
28 32
28 33
27 33
27 32
27 31
29 29
28 29
27 29
27 28
28 28
28 27
29 27
29 28
30 28
31 28
32 28
26 28
26 29
26 27
25 27
24 27
24 28
24 29
25 29
25 30
26 30
26 31
26 32
26 33
25 31
25 32
25 33
25 34
25 35
26 35
25 36
24 30
23 30
23 31
22 30
22 31
21 31
20 31
21 30
21 29
20 29
19 29
21 28
20 28
21 27
20 27
19 27
19 28
18 28
18 29
18 30
17 30
17 29
17 28
16 28
15 28
14 28
13 28
12 28
12 27
13 27
13 26
14 26
14 27
14 25
11 27
11 28
11 29
12 29
15 27
16 27
16 26
17 26
18 26
18 27
17 27
18 25
18 24
19 24
19 25
19 26
20 26
21 26
17 24
17 25
16 25
15 25
15 26
15 24
14 24
13 24
12 24
12 25
13 25
12 26
11 26
10 26
10 27
10 28
9 28
9 29
11 25
10 25
9 25
9 26
9 27
8 26
8 27
7 27
7 28
7 29
8 29
8 30
9 30
10 30
6 29
5 29
5 28
4 28
4 29
3 28
3 29
2 29
2 30
1 29
2 28
1 28
0 28
0 29
-1 28
-2 28
-2 29
-2 30
-2 31
-3 30
-3 31
-3 32
-2 32
-3 29
-4 29
-4 30
-4 31
-4 28
-3 28
-3 27
-2 27
-1 27
0 27
-1 26
-2 26
-3 26
-4 26
-4 27
-5 27
-6 27
-6 26
-5 26
-5 25
-5 24
-4 24
-3 24
-2 24
-2 25
-1 25
-3 25
-3 23
1 27
2 27
3 27
4 27
5 27
3 26
2 26
1 26
3 25
2 25
1 25
0 25
0 26
7 26
9 24
8 24
9 23
8 23
7 23
7 22
8 22
9 22
9 21
8 21
6 22
6 23
5 22
5 23
4 23
4 24
5 24
5 25
6 25
6 26
6 27
5 26
3 24
4 22
3 22
6 21
7 21
5 21
10 24
11 24
10 23
11 23
10 22
10 21
11 21
12 21
12 22
13 22
14 22
15 22
16 22
17 22
17 23
18 23
19 23
19 22
20 22
21 22
22 22
23 22
24 22
23 23
24 23
22 23
21 23
20 23
20 24
21 24
22 24
23 24
24 24
25 24
26 24
26 25
27 25
25 25
25 26
26 26
27 26
27 27
24 26
23 25
22 25
21 21
22 21
23 21
21 20
22 20
23 20
20 20
20 19
20 21
19 21
18 21
17 21
17 20
18 20
18 19
19 19
17 19
19 20
18 22
16 23
16 24
15 23
16 21
15 21
14 21
16 20
13 23
12 23
13 21
13 20
14 20
15 20
15 19
11 22
11 20
10 20
9 20
8 20
9 19
8 19
8 18
7 18
10 19
11 19
12 19
12 20
23 28
23 27
31 26
31 27
30 27
30 26
29 26
28 26
28 25
29 25
30 25
30 24
29 24
30 23
31 25
32 25
32 24
31 24
31 23
33 24
33 23
35 22
32 23
32 21
33 21
31 21
32 20
33 20
34 20
35 20
35 21
36 21
37 21
38 21
39 21
38 20
37 20
36 20
37 19
36 19
35 19
34 21
34 19
33 19
32 19
31 19
31 18
32 18
32 17
31 17
31 16
30 16
30 15
31 15
32 15
33 15
33 16
32 16
32 14
33 14
34 14
31 14
30 14
30 13
29 13
30 12
29 12
28 12
29 11
30 11
29 10
29 9
33 18
29 22
29 23
28 23
28 22
27 22
27 23
27 24
28 21
29 21
26 18
24 19
24 20
23 15
22 15
22 16
22 17
23 14
24 12
23 10
22 10
21 10
20 10
20 11
21 11
20 12
19 11
19 10
19 9
18 9
18 10
17 9
21 9
23 8
24 8
22 4
21 4
18 1
17 3
16 3
16 4
17 4
17 5
15 3
15 4
15 5
16 5
14 5
14 4
14 3
13 3
13 2
14 0
14 1
14 -2
14 -3
13 -3
13 -2
12 -3
13 -4
14 -4
14 -5
12 -4
13 -5
12 -5
13 0
12 0
11 0
10 0
11 -1
10 -2
10 -1
9 -2
9 -3
7 -2
8 -2
8 -1
9 -1
7 -1
6 -1
5 -1
5 0
6 0
7 0
5 1
6 1
4 1
4 2
5 2
5 3
6 3
7 3
6 2
7 2
8 2
7 1
8 1
9 1
9 2
10 2
10 1
9 3
9 4
9 5
10 5
11 5
11 6
12 6
10 6
10 4
10 3
9 6
9 7
10 7
11 7
9 8
10 8
11 8
11 9
10 9
8 8
7 8
7 9
8 9
9 9
9 10
10 10
10 11
8 10
8 11
9 11
9 12
10 12
11 12
8 12
8 13
7 13
6 13
5 13
5 14
6 14
7 14
6 15
5 12
7 12
6 12
6 11
7 11
7 10
6 10
5 10
5 11
4 11
6 9
5 9
5 8
4 8
3 8
2 8
2 9
3 9
4 9
4 10
2 10
3 10
2 11
3 11
3 12
3 13
4 13
4 14
3 14
4 12
2 13
2 14
1 14
0 14
0 13
0 12
1 12
-1 12
-1 13
-1 14
-2 13
-2 14
-2 15
-3 15
-3 16
-4 16
-4 17
-3 17
-2 17
-2 18
-1 18
0 18
1 18
1 17
0 17
-1 17
-1 16
-2 16
-1 15
0 15
0 16
1 16
2 16
2 15
0 19
1 19
2 19
3 19
4 19
5 19
6 19
6 20
6 18
6 17
5 17
4 17
3 17
3 18
4 18
2 18
2 17
3 16
3 15
4 16
5 16
6 16
4 20
4 21
1 20
0 20
-2 19
-2 20
-2 21
-1 21
-1 22
-2 22
-3 22
-4 22
-4 21
-5 21
-6 21
-7 21
-6 20
-5 20
-5 19
-6 19
-7 20
-7 19
-7 18
-7 17
-4 20
-3 21
-3 20
-3 19
-4 19
-4 18
-5 18
-5 17
-6 17
-6 18
-6 16
-5 16
-3 18
-1 20
0 11
1 11
1 10
0 10
1 13
2 12
2 7
3 7
4 7
3 6
2 6
2 5
3 5
1 5
1 6
1 4
2 4
2 3
2 2
3 2
3 1
2 1
6 8
6 7
7 7
7 6
8 6
6 6
7 5
8 5
6 5
5 5
6 4
7 4
8 4
8 3
8 7
9 0
8 0
4 0
3 0
5 -2
6 -2
6 -3
5 -3
7 -5
6 -7
7 -7
8 -7
8 -8
9 -8
7 -8
6 -8
5 -8
5 -7
4 -7
5 -9
5 -10
5 -11
6 -11
7 -11
8 -11
7 -10
6 -10
6 -9
7 -12
5 -12
6 -12
4 -12
4 -11
3 -11
3 -10
4 -10
8 -9
9 -9
10 -9
10 -8
10 -7
9 -7
9 -10
8 -10
5 -5
5 -4
4 -5
3 -7
3 -8
3 -9
