4928
0 0
1 0
1 1
2 1
2 2
1 2
1 3
2 3
2 0
0 1
1 -1
2 -1
2 -2
3 -2
4 -2
5 -2
6 -2
7 -2
8 -2
8 -3
9 -3
9 -2
9 -1
8 -1
8 0
9 0
9 1
10 1
10 2
9 2
9 3
10 3
11 3
11 4
11 5
11 6
10 5
10 6
10 7
11 7
12 7
12 8
13 8
14 8
14 9
13 9
14 7
15 7
15 6
16 6
16 5
17 5
15 5
15 4
16 4
16 3
17 3
18 3
18 4
18 5
18 6
18 7
19 7
20 7
20 8
20 9
21 9
21 8
22 8
23 8
24 8
24 7
25 7
26 7
27 7
27 6
28 6
28 7
28 8
27 8
26 8
26 9
27 9
26 10
25 10
25 11
25 12
25 13
26 13
27 13
27 14
27 15
26 15
26 14
24 12
24 13
25 9
25 8
28 5
29 5
27 5
27 4
26 4
26 5
26 6
25 5
25 6
24 6
24 5
23 5
23 6
22 6
21 6
21 7
20 6
19 6
22 5
21 5
21 4
20 4
19 4
19 5
19 3
20 3
25 4
27 3
26 3
25 3
24 3
24 4
23 4
22 4
22 3
23 3
23 2
24 2
23 1
24 1
25 1
22 1
22 2
23 0
24 0
25 0
25 -1
26 -1
24 -1
25 -2
24 -2
24 -3
25 -3
26 -3
25 -4
24 -4
24 -5
25 -5
23 -5
23 -4
22 -4
22 -3
22 -2
22 -1
23 -1
21 -2
21 -1
20 -1
20 0
21 0
20 -2
19 -2
18 -2
17 -2
17 -1
16 -1
16 0
17 0
18 0
19 0
19 1
18 1
17 1
17 2
18 -1
19 -1
15 0
15 -1
15 -2
16 -2
14 -2
14 -3
14 -4
15 -4
13 -4
13 -3
12 -3
11 -3
11 -2
11 -1
12 -1
13 -1
14 -1
14 0
13 0
13 1
13 2
12 1
12 2
12 3
13 3
14 3
15 3
15 2
14 2
14 1
15 1
16 1
16 2
14 4
14 5
14 6
13 5
12 5
12 6
12 4
13 4
11 2
11 1
11 0
12 0
10 -1
10 -2
17 -3
18 -3
19 -3
19 -4
19 -5
20 -5
21 -5
22 -5
21 -6
22 -6
23 -6
24 -6
24 -7
24 -8
23 -8
22 -8
22 -9
23 -9
24 -9
25 -9
26 -9
26 -8
27 -8
28 -8
28 -7
29 -7
29 -6
27 -7
27 -6
28 -6
26 -6
26 -5
26 -4
27 -4
25 -6
26 -7
25 -7
25 -8
26 -10
25 -10
26 -11
27 -11
28 -11
29 -11
30 -11
29 -10
30 -10
30 -9
31 -9
32 -9
32 -10
32 -11
33 -11
33 -10
34 -10
35 -10
35 -9
36 -9
37 -9
38 -9
38 -8
37 -8
37 -7
38 -7
39 -7
40 -7
41 -7
42 -7
42 -8
43 -8
44 -8
43 -7
42 -9
42 -10
41 -10
41 -9
41 -8
40 -8
39 -8
39 -9
39 -10
40 -10
40 -9
40 -11
39 -11
37 -6
37 -5
38 -5
36 -7
36 -10
36 -11
35 -11
34 -11
34 -12
35 -12
36 -12
37 -12
38 -12
39 -12
40 -12
40 -13
41 -13
40 -14
39 -13
38 -13
38 -14
37 -14
37 -13
36 -13
36 -14
36 -15
37 -15
37 -16
36 -16
36 -17
37 -17
37 -18
37 -19
35 -15
35 -16
34 -16
34 -15
34 -14
35 -14
33 -14
33 -15
32 -15
32 -14
32 -16
33 -16
33 -17
34 -17
32 -17
31 -17
31 -16
30 -16
30 -15
30 -14
29 -15
29 -14
30 -17
29 -17
29 -16
29 -18
28 -18
27 -18
26 -18
26 -19
27 -19
28 -19
28 -20
29 -20
29 -19
30 -19
30 -18
31 -18
32 -18
32 -19
33 -19
34 -19
33 -18
35 -17
35 -13
34 -13
35 -8
36 -8
34 -9
33 -9
33 -8
34 -8
31 -8
32 -8
32 -7
33 -7
33 -6
33 -5
33 -4
33 -3
33 -2
33 -1
34 -1
35 -1
36 -1
37 -1
37 0
38 0
37 1
36 1
37 -2
36 -2
35 -2
34 -2
34 -3
34 -4
34 -5
37 -3
36 -3
36 -4
36 -5
36 -6
37 -4
38 -4
39 -4
38 -3
39 -3
39 -2
40 -2
41 -2
42 -2
42 -1
43 -1
43 0
42 0
42 -3
41 -3
40 -1
41 -1
40 0
39 0
39 1
40 1
40 2
38 1
39 -1
40 -3
38 -2
36 0
32 -4
31 -4
31 -3
32 -5
31 -5
30 -5
30 -6
30 -7
31 -7
31 -6
32 -6
30 -8
31 -10
29 -9
28 -9
27 -9
27 -10
28 -10
29 -12
29 -13
28 -12
27 -12
27 -13
28 -13
24 -10
24 -11
25 -11
23 -11
23 -10
22 -11
21 -11
21 -10
22 -10
21 -9
21 -8
21 -7
22 -7
20 -7
20 -8
20 -9
22 -12
23 -12
22 -13
23 -13
23 -14
24 -14
22 -14
21 -14
21 -15
22 -15
23 -15
24 -15
25 -15
25 -14
26 -14
27 -14
25 -13
26 -13
24 -13
24 -12
24 -16
23 -16
22 -16
20 -15
20 -16
20 -17
19 -17
19 -18
20 -18
21 -18
21 -17
22 -17
21 -19
19 -19
20 -19
19 -20
20 -4
20 -3
21 -3
21 -4
18 -5
18 -6
18 -7
17 -7
16 -7
16 -6
17 -6
15 -6
15 -7
15 -8
16 -8
17 -8
18 -8
18 -9
17 -9
16 -3
15 -3
17 -4
25 2
26 2
27 2
28 2
28 3
29 3
30 3
31 3
31 4
32 4
32 3
32 2
31 2
31 1
30 1
30 2
29 1
29 2
30 0
29 0
28 0
29 -1
30 -1
31 0
32 1
33 1
33 2
34 2
35 2
36 2
37 2
38 2
37 3
38 3
39 3
40 3
39 4
40 4
41 4
41 5
41 6
42 6
42 5
43 5
43 4
43 3
44 3
45 3
46 3
47 3
48 3
49 3
49 2
50 2
51 2
52 2
53 2
53 1
54 1
54 2
52 1
52 0
51 0
50 0
52 -1
51 -1
50 -1
51 -2
51 -3
52 -2
53 -2
54 -2
55 -2
55 -1
56 -1
55 -3
56 -3
57 -3
58 -3
59 -3
59 -2
60 -2
61 -2
62 -2
62 -3
61 -3
60 -3
60 -4
60 -5
61 -5
61 -4
61 -6
62 -6
62 -5
63 -5
64 -5
64 -4
62 -4
63 -4
61 -7
60 -7
60 -6
59 -6
59 -5
58 -6
58 -5
57 -5
56 -5
56 -4
55 -5
56 -6
57 -6
59 -7
60 -8
61 -8
59 -8
58 -8
58 -7
57 -7
56 -7
55 -7
56 -8
57 -8
56 -9
57 -9
58 -9
58 -10
56 -10
55 -10
54 -10
53 -10
52 -10
52 -11
53 -11
53 -12
53 -13
52 -13
52 -12
51 -12
51 -13
51 -11
50 -11
50 -10
50 -9
50 -8
51 -8
52 -8
52 -7
53 -7
53 -6
54 -6
55 -6
54 -5
54 -4
55 -4
54 -3
53 -5
52 -6
51 -6
51 -5
51 -4
52 -4
53 -4
53 -3
52 -3
50 -4
50 -3
50 -2
49 -2
48 -2
47 -2
47 -1
48 -1
47 0
48 0
48 1
48 2
47 2
46 2
47 1
46 1
45 1
45 0
46 0
46 -1
45 -1
44 -1
44 0
44 1
43 1
46 -2
47 -3
46 -3
46 -4
47 -4
48 -4
49 -4
49 -3
48 -3
47 -5
48 -5
49 -5
49 -6
48 -6
47 -6
46 -6
46 -5
47 -7
48 -7
49 -7
50 -7
50 -6
48 -8
47 -8
46 -8
47 -9
50 -5
53 -8
53 -9
52 -9
49 -10
49 -9
49 -8
48 -9
48 -10
47 -10
47 -11
48 -11
48 -12
47 -12
49 -11
50 -12
54 -11
55 -11
56 -11
56 -12
57 -12
57 -11
58 -11
57 -10
55 -12
55 -13
56 -13
59 -9
60 -1
60 0
59 0
59 1
60 1
61 1
60 2
59 2
59 3
60 3
60 4
60 5
60 6
60 7
60 8
61 8
62 8
62 9
63 9
64 9
65 9
66 9
67 9
67 10
68 10
68 11
67 11
66 11
67 8
68 8
69 8
65 8
66 8
66 7
67 7
67 6
66 6
65 6
64 6
63 6
63 7
63 8
64 8
64 7
62 7
62 6
61 6
61 5
62 5
63 5
64 5
63 4
64 4
63 3
62 3
62 2
62 1
62 0
63 0
64 0
64 1
65 1
66 1
66 2
67 2
66 3
65 2
65 3
64 2
66 0
67 0
67 -1
66 -1
65 -1
65 -2
64 -2
64 -1
63 -2
63 -3
64 -3
65 -3
66 -2
67 -2
68 -2
69 -2
69 -1
70 -1
71 -1
72 -1
72 0
71 0
72 -2
73 -2
74 -2
74 -1
74 0
73 0
73 1
74 1
75 1
75 0
75 -1
76 -1
77 -1
78 -1
79 -1
80 -1
80 0
81 0
82 0
83 0
84 0
84 1
83 1
83 -1
82 -1
81 -1
82 -2
83 -2
83 -3
84 -3
85 -3
85 -2
84 -2
84 -1
85 -1
86 -1
86 0
87 0
88 0
89 0
90 0
91 0
92 0
93 0
93 1
91 1
91 2
92 2
93 2
94 2
95 2
95 1
95 0
95 -1
94 -1
93 -1
94 3
95 3
96 3
97 3
97 4
98 4
98 3
99 3
96 4
96 2
94 4
94 5
95 5
96 5
95 6
96 6
97 6
97 7
98 7
98 6
97 5
96 7
95 7
95 8
96 8
94 8
94 6
94 7
93 7
93 8
93 9
94 9
94 10
95 10
95 11
95 12
95 13
95 14
94 14
94 15
94 16
93 16
93 17
92 16
92 17
92 18
91 18
91 17
91 16
90 16
90 17
89 16
89 17
89 15
88 15
88 16
88 17
87 16
87 17
87 18
88 18
87 19
88 19
88 20
89 20
90 20
90 21
91 21
91 20
92 20
93 20
94 20
93 21
94 21
95 21
95 22
95 23
95 24
95 25
95 26
94 23
94 22
93 22
92 21
91 19
92 19
93 19
94 19
90 19
89 19
90 18
89 18
89 21
88 21
87 20
86 16
86 17
87 15
88 14
88 13
89 13
90 13
90 14
91 14
91 13
92 13
92 14
92 12
93 12
94 12
94 11
93 13
94 13
93 11
92 11
92 10
91 10
91 9
91 8
92 8
91 7
92 7
92 6
91 6
90 6
90 5
91 5
92 5
93 5
91 4
90 4
90 7
90 8
89 7
89 8
89 9
88 9
88 10
89 10
90 10
90 9
89 11
89 12
88 11
88 12
87 11
86 11
86 12
87 12
85 12
84 12
84 13
85 13
85 14
85 15
86 15
85 16
84 15
83 15
83 16
82 16
82 17
83 17
83 18
84 18
85 18
85 19
84 17
82 18
82 19
83 19
82 20
83 20
83 21
82 21
81 19
81 18
80 18
81 17
81 16
82 15
81 15
80 15
80 16
80 17
79 16
79 15
79 14
78 14
77 14
77 15
78 15
77 16
78 16
78 17
77 17
77 18
77 19
77 20
76 20
76 19
76 17
76 18
76 16
76 15
76 14
75 14
75 15
75 16
75 17
74 14
74 15
75 13
76 13
76 12
74 13
74 12
73 12
72 12
74 11
75 11
76 11
77 11
77 10
75 12
75 10
77 13
78 13
77 12
82 14
83 14
81 14
80 14
82 13
83 13
83 12
81 13
82 12
81 12
80 12
81 11
82 11
83 11
84 14
84 11
85 11
87 9
87 10
87 8
88 8
88 7
88 6
89 6
87 7
87 6
89 14
87 13
90 15
91 15
92 15
93 15
93 14
93 6
93 3
93 4
92 4
94 1
91 3
90 3
89 3
89 2
88 2
88 1
90 2
90 1
89 1
91 -1
90 -1
91 -2
91 -3
92 -3
90 -3
89 -3
89 -2
89 -1
88 -2
88 -1
87 -2
86 -2
86 -3
87 -3
88 -3
87 -4
88 -4
89 -4
90 -4
85 0
85 1
86 1
82 -3
81 -3
81 -2
80 -2
80 -3
79 -3
79 -2
82 1
81 1
81 2
81 3
82 3
82 4
81 4
80 3
80 4
80 5
79 5
79 6
78 5
78 6
77 6
77 5
77 4
78 4
79 4
79 3
79 2
80 2
80 1
78 2
78 3
78 1
79 1
79 0
78 0
77 1
77 2
76 2
75 2
76 1
76 0
77 0
77 -2
78 -2
76 -2
75 -2
75 -3
74 2
73 2
73 3
72 2
72 3
74 -3
73 -3
72 -3
74 -4
74 -5
73 -5
72 -5
73 -6
72 -6
71 -6
71 -5
73 -7
74 -7
75 -7
75 -8
74 -8
73 -8
74 -9
73 -9
72 -9
71 -9
71 -8
72 -10
73 -10
73 -11
74 -11
74 -12
75 -12
76 -12
77 -12
78 -12
77 -11
78 -11
79 -11
79 -12
79 -13
80 -13
80 -14
78 -13
77 -13
76 -13
76 -14
75 -14
74 -14
74 -13
75 -13
78 -14
79 -14
77 -14
73 -12
72 -12
72 -11
71 -11
70 -11
69 -11
69 -10
68 -10
68 -11
69 -12
69 -13
71 -12
71 -13
72 -13
73 -13
71 -10
70 -10
72 -7
71 -7
70 -7
70 -8
69 -8
69 -9
70 -9
68 -9
68 -8
74 -6
73 -1
71 -2
68 -1
69 -3
68 -3
68 -4
68 -5
67 -5
67 -4
66 -5
65 -5
66 -6
67 -6
67 -7
68 -7
68 -6
69 -6
70 -6
70 -5
70 -4
71 -4
72 -4
70 -3
70 -2
69 -5
69 -4
67 -8
66 -8
66 -9
65 -9
64 -9
64 -8
65 -8
65 -7
65 -6
64 -7
64 -6
64 -10
63 -10
62 -10
61 -10
61 -9
60 -9
60 -10
60 -11
59 -11
59 -10
60 -12
61 -12
62 -12
61 -11
61 -13
62 -13
63 -13
63 -14
61 -14
62 -14
62 -15
63 -15
63 -16
64 -16
64 -15
65 -15
65 -16
65 -17
64 -17
65 -18
64 -14
65 -14
65 -13
66 -13
66 -12
67 -12
67 -11
67 -10
67 -9
66 -10
66 -11
65 -11
65 -12
67 -13
68 -13
68 -14
69 -14
70 -14
70 -13
70 -12
70 -15
69 -15
68 -15
67 -15
67 -14
66 -14
66 -15
67 -16
68 -16
68 -17
69 -17
70 -17
70 -16
71 -16
72 -16
72 -15
73 -15
73 -14
72 -14
73 -16
74 -16
75 -16
76 -16
75 -15
75 -17
75 -18
74 -15
74 -17
72 -17
71 -17
71 -15
70 -18
70 -19
69 -19
69 -18
69 -20
70 -20
70 -21
71 -21
71 -20
72 -20
72 -19
72 -21
71 -22
69 -21
68 -21
68 -20
68 -19
67 -21
67 -20
66 -20
65 -20
66 -21
65 -21
64 -21
65 -22
64 -22
66 -22
67 -22
68 -22
69 -22
69 -23
69 -24
68 -23
68 -24
67 -24
67 -25
68 -25
69 -25
67 -26
67 -23
66 -23
66 -24
66 -25
70 -22
70 -23
71 -23
71 -24
72 -24
73 -24
73 -25
72 -25
71 -25
70 -25
70 -26
71 -26
72 -26
73 -26
74 -26
75 -26
74 -27
75 -27
76 -27
77 -27
76 -26
76 -25
77 -25
78 -25
76 -24
75 -25
74 -25
74 -28
75 -28
76 -28
77 -28
76 -29
77 -29
78 -29
79 -29
79 -28
80 -28
81 -28
81 -29
80 -29
80 -27
81 -27
80 -26
79 -26
79 -27
78 -27
78 -28
75 -29
69 -16
66 -16
66 -17
64 -13
63 -17
63 -18
62 -18
62 -19
61 -19
61 -20
61 -21
60 -21
61 -22
60 -22
60 -23
61 -23
62 -23
62 -22
63 -22
62 -24
61 -24
60 -24
59 -24
61 -25
62 -25
63 -25
64 -25
64 -24
65 -24
64 -23
63 -24
63 -26
62 -26
62 -27
63 -27
64 -27
64 -26
65 -26
65 -25
65 -27
66 -27
66 -26
66 -28
65 -28
62 -20
63 -20
63 -21
62 -21
61 -15
60 -14
59 -14
59 -13
60 -13
59 -12
58 -13
57 -13
57 -14
58 -14
58 -15
57 -15
56 -15
56 -14
55 -15
57 -16
58 -16
60 -15
63 -11
64 -11
66 -3
67 -3
66 -4
65 0
63 -1
62 -1
61 -1
61 0
63 2
61 4
61 3
65 5
66 5
67 5
68 5
69 5
70 5
70 6
69 6
69 7
70 7
70 8
68 6
70 4
71 4
71 5
72 5
73 5
73 6
73 4
74 4
75 4
74 5
72 6
72 7
72 8
73 8
73 9
73 7
74 7
75 7
76 7
76 6
76 5
75 6
75 5
74 6
72 9
71 9
70 9
69 9
68 9
72 4
69 4
68 4
67 4
66 4
65 4
68 3
69 3
69 2
70 2
69 1
68 1
67 1
68 2
70 3
65 7
64 10
64 11
64 12
65 12
65 13
66 13
64 13
64 14
63 13
63 14
62 14
62 15
63 15
64 15
64 16
65 16
65 17
64 17
64 18
64 19
65 19
66 19
67 19
68 19
69 19
70 19
70 18
69 18
69 20
68 20
67 20
67 21
67 18
66 20
65 20
65 21
65 22
65 23
66 23
67 23
68 23
68 24
68 25
69 25
69 24
69 23
67 25
67 26
68 26
68 27
69 27
70 27
71 27
71 28
72 28
73 28
73 27
72 27
73 26
72 26
73 25
74 25
74 26
75 26
75 25
75 24
74 24
74 23
75 23
76 23
77 23
78 23
79 23
79 24
80 24
79 25
80 25
80 26
80 27
80 28
81 28
80 29
79 26
78 25
78 26
78 27
78 28
79 28
79 29
79 30
80 30
78 30
77 30
76 30
76 31
77 31
77 32
78 32
78 33
78 31
79 31
80 31
80 32
81 32
82 32
83 32
83 33
84 33
82 33
82 31
83 31
84 31
85 31
86 31
87 31
86 32
87 32
86 33
86 34
85 32
84 32
86 30
86 29
85 30
85 29
85 28
84 28
85 27
86 27
86 26
87 26
88 26
88 27
87 27
87 28
88 28
89 28
90 28
90 27
91 27
91 28
89 27
89 26
89 29
89 30
88 29
88 30
86 28
88 25
89 25
90 25
91 25
91 26
92 26
93 26
94 26
93 25
94 25
89 24
90 24
91 24
92 24
93 24
91 23
91 22
90 22
89 22
89 23
90 23
88 23
88 22
88 24
87 25
86 25
85 25
84 25
83 25
82 25
82 26
84 24
83 24
83 23
84 23
85 23
85 22
84 22
84 21
85 21
86 21
86 22
87 22
87 23
86 23
86 20
85 20
84 20
86 19
85 24
87 24
86 24
85 26
84 26
84 30
83 30
82 30
81 30
82 29
81 29
82 28
83 28
83 29
81 31
79 32
76 32
76 33
77 33
77 34
77 35
78 35
79 35
78 34
79 34
80 34
81 34
82 34
83 34
82 35
81 35
81 36
80 36
80 37
81 37
80 38
81 38
82 38
79 37
79 36
78 36
77 36
77 37
76 37
76 38
76 39
75 39
75 40
74 39
74 40
73 40
73 41
74 41
75 41
76 41
77 41
75 42
74 42
73 42
73 43
74 43
72 43
72 44
73 44
74 44
75 44
75 45
75 46
75 47
76 47
77 47
78 47
78 46
77 48
78 48
78 49
77 49
76 49
76 50
77 50
77 51
75 50
75 49
77 46
76 46
76 48
74 46
74 45
73 45
75 43
76 43
76 42
77 42
77 43
77 44
78 44
76 44
72 45
72 42
71 42
71 43
71 44
71 45
71 46
72 46
70 46
70 47
70 48
71 48
72 48
71 47
70 49
70 50
70 51
70 52
71 52
71 53
71 54
71 55
70 55
70 56
70 57
69 57
69 58
70 58
70 59
71 59
71 60
70 60
69 60
69 61
70 61
70 62
71 62
72 62
73 62
74 62
75 62
75 63
75 64
74 64
74 65
74 66
75 66
73 66
73 67
74 67
74 68
73 68
72 67
72 68
72 66
71 66
71 67
71 68
70 68
70 69
69 68
68 68
68 67
69 67
67 67
67 66
68 66
69 66
70 66
70 67
67 65
66 65
66 66
66 67
65 67
65 68
66 68
65 66
64 66
65 65
64 65
64 64
63 64
63 65
62 65
62 66
61 66
61 65
60 65
59 65
59 66
60 66
60 67
61 67
60 68
59 67
59 68
59 69
58 69
58 70
59 70
60 70
58 67
57 67
58 66
57 66
57 65
58 65
58 64
59 64
59 63
60 63
60 64
61 64
62 64
61 63
58 63
58 62
59 62
60 62
59 61
60 61
61 61
61 62
61 60
61 59
62 59
63 59
63 60
63 61
64 61
64 62
65 62
65 63
66 63
67 63
68 63
68 64
68 62
69 62
69 63
70 63
68 61
68 60
68 59
67 59
66 59
66 60
66 61
67 61
67 62
66 62
65 59
65 60
64 59
64 58
65 58
65 57
65 56
64 56
63 56
63 55
65 55
64 55
64 54
65 54
63 54
64 57
63 57
62 57
62 58
62 56
65 61
63 62
62 60
60 59
60 60
61 58
60 58
61 57
60 57
57 62
56 62
56 63
57 63
57 64
56 64
56 65
55 64
54 64
53 64
54 63
55 63
55 62
54 62
55 61
56 61
55 60
54 60
53 60
52 60
51 60
51 61
52 61
53 61
53 62
52 62
51 62
50 62
50 63
49 63
51 59
52 59
50 59
50 58
51 58
51 57
49 58
49 59
53 59
53 58
54 58
54 59
55 59
55 58
55 57
54 57
53 57
52 57
52 56
53 56
54 56
55 56
56 56
57 56
57 57
58 57
58 56
58 55
57 55
56 55
58 54
58 53
59 53
57 53
57 54
57 52
58 52
59 52
60 52
58 51
59 51
59 50
60 50
61 50
62 50
63 50
63 51
64 51
64 52
65 52
66 52
66 51
66 50
65 53
64 53
64 50
65 50
64 49
63 49
63 52
63 53
60 49
59 49
59 48
60 48
61 48
61 49
61 47
62 47
62 48
62 46
58 50
57 50
57 51
56 52
56 53
56 54
55 52
54 52
53 52
52 52
52 51
52 50
51 50
51 51
50 50
50 51
49 50
50 49
49 49
49 48
50 48
51 48
51 49
52 49
52 48
52 47
51 47
51 46
52 46
52 45
53 45
54 45
54 44
55 44
55 43
55 42
56 42
57 42
58 42
58 41
59 41
60 41
59 42
60 42
59 43
59 40
60 40
61 40
58 40
57 40
56 40
55 40
54 40
54 41
54 42
54 43
53 43
53 44
52 44
51 44
51 45
50 44
49 44
51 43
51 42
51 41
51 40
52 40
53 40
53 41
52 41
52 39
50 40
50 41
49 40
49 39
50 39
51 39
50 38
49 38
49 37
50 37
51 37
51 36
50 36
49 36
48 36
49 35
48 35
47 35
51 35
52 35
51 34
51 33
50 33
50 34
50 35
50 32
49 32
49 33
49 34
48 32
48 33
48 34
52 43
55 39
56 39
57 39
58 39
59 39
59 38
60 38
60 37
59 37
58 37
58 38
57 38
57 37
56 37
56 36
57 36
57 35
58 35
59 35
60 35
61 35
61 36
60 36
59 36
61 34
62 34
60 34
58 36
56 35
57 34
57 41
56 41
50 46
50 47
53 51
53 50
53 49
54 49
54 50
55 50
56 50
56 51
55 51
54 51
57 58
58 58
57 59
56 59
56 58
56 57
54 55
54 54
55 54
54 53
55 53
53 53
52 53
52 54
53 54
52 55
51 54
51 55
50 54
51 53
50 53
51 56
53 63
65 64
66 64
67 64
71 65
72 65
73 65
74 63
73 63
73 64
72 64
71 64
70 64
70 65
69 65
72 63
75 61
75 60
76 60
77 60
78 60
79 60
79 59
80 59
80 58
81 58
82 58
82 59
83 59
84 59
83 60
83 58
82 60
81 59
81 57
82 57
82 56
83 56
83 55
84 55
84 54
82 55
83 54
82 54
81 54
81 55
81 56
81 53
82 53
81 52
80 52
80 53
81 51
82 51
83 51
83 50
84 50
84 49
83 49
80 51
79 51
79 52
78 52
78 51
78 50
83 53
84 53
85 53
85 54
85 55
86 55
85 56
85 57
86 57
85 58
86 58
87 58
88 58
87 59
86 59
87 57
88 57
87 56
88 56
88 55
88 54
89 54
90 54
91 54
91 55
91 56
90 56
89 56
89 57
89 55
90 55
89 53
88 53
87 53
87 54
87 55
86 54
86 53
86 52
87 52
87 51
88 51
88 52
88 50
86 51
85 51
85 52
84 52
84 51
86 50
87 50
85 50
86 49
89 52
89 51
89 50
90 50
91 50
92 50
92 51
91 51
92 49
93 49
91 49
90 49
89 49
90 48
89 48
88 48
87 48
87 49
86 48
87 47
88 47
86 47
87 46
88 46
89 46
90 46
91 46
92 46
91 45
92 45
93 45
93 46
94 46
95 46
95 47
95 48
96 48
96 49
97 49
98 49
98 48
99 48
100 48
100 47
101 47
101 48
102 48
103 48
103 47
104 47
104 48
104 49
104 46
103 46
102 47
102 46
102 45
101 45
101 44
101 43
102 43
100 43
100 44
100 45
99 44
99 45
98 45
98 46
99 46
98 47
97 46
97 45
96 45
95 45
94 45
94 44
95 44
96 44
97 44
96 43
95 43
94 43
93 43
93 44
94 42
94 41
94 40
93 40
93 41
93 42
92 41
98 44
98 43
99 43
99 42
98 42
99 41
100 41
101 41
101 42
102 42
100 40
101 40
102 40
103 40
103 41
102 41
102 39
101 39
100 39
100 38
101 38
102 38
102 37
101 37
99 38
99 39
98 38
98 39
97 38
97 39
97 40
98 40
99 40
97 41
98 41
97 42
97 43
96 39
96 38
95 38
96 37
96 36
97 36
97 35
101 49
100 49
100 50
101 50
100 51
100 52
99 52
99 53
100 53
101 53
101 54
102 54
103 54
104 54
104 55
105 55
105 56
103 55
103 56
102 56
102 57
103 57
103 58
104 58
105 58
106 58
107 58
107 59
108 59
109 59
108 60
109 60
109 61
110 61
110 62
110 63
111 63
110 64
110 65
109 63
108 63
109 62
108 62
107 60
106 60
106 61
107 61
108 61
106 62
106 63
107 63
106 64
105 63
104 63
104 64
103 63
103 64
103 62
103 61
104 61
104 62
102 61
102 62
102 63
101 63
100 63
99 63
98 63
97 63
96 63
96 62
95 62
94 62
94 61
97 62
97 61
96 61
95 61
95 60
96 60
96 59
95 59
94 60
93 60
92 60
92 61
92 62
93 62
93 63
92 63
92 64
93 64
92 65
93 65
94 65
95 65
96 65
95 66
96 66
97 66
98 66
97 65
95 64
96 64
94 64
95 63
92 66
93 66
93 67
91 66
91 67
91 65
91 64
90 64
90 63
91 63
91 62
93 61
91 60
93 59
94 59
92 59
98 62
99 62
100 62
101 61
100 61
99 61
98 61
103 60
104 60
105 60
102 60
101 60
101 59
102 59
103 59
102 58
101 58
101 57
105 62
106 59
106 57
104 59
102 55
104 53
101 55
100 55
99 55
101 52
99 51
99 50
98 50
98 51
97 51
99 49
100 46
101 46
99 47
97 48
97 47
96 50
96 51
96 52
97 52
98 52
97 53
96 53
95 53
95 52
94 52
94 53
94 54
95 54
93 53
92 53
92 52
93 52
93 51
95 51
94 51
95 50
94 50
93 50
95 49
94 48
94 49
93 48
94 47
92 44
91 44
89 47
91 48
91 47
90 47
92 48
92 47
93 47
86 56
83 52
82 52
80 57
79 58
79 57
79 56
78 61
79 61
79 62
79 63
80 63
78 62
78 63
77 63
77 64
78 64
79 64
76 63
76 62
77 62
77 61
77 59
78 59
77 58
78 58
76 58
76 59
76 57
76 56
76 55
77 55
78 55
79 55
80 55
80 56
77 56
78 56
75 55
74 61
73 61
72 61
69 59
68 57
67 57
67 58
68 58
67 56
68 56
69 56
69 55
69 54
67 55
68 55
66 55
70 54
70 53
71 51
69 52
69 51
69 50
68 50
67 50
67 49
68 49
68 48
69 48
69 49
69 47
68 47
67 47
67 48
66 47
66 46
67 46
67 45
68 45
69 45
70 45
68 44
69 44
70 44
69 43
69 42
70 42
70 41
69 41
69 40
70 40
68 40
68 39
69 39
68 38
69 38
69 37
70 37
69 36
70 36
71 36
72 36
72 37
71 35
72 35
72 34
73 34
74 34
75 34
75 35
75 36
76 36
75 37
75 38
74 37
74 38
73 37
73 38
73 39
72 38
73 36
74 36
74 35
75 33
74 33
73 35
68 36
68 37
68 43
65 46
65 47
65 48
65 49
64 48
63 48
63 47
63 46
64 47
64 46
65 45
66 45
66 44
64 45
63 45
64 44
65 44
69 46
66 49
72 41
71 41
72 40
71 40
80 35
81 33
80 33
79 33
76 34
75 31
75 32
78 29
77 29
79 27
77 27
77 28
77 26
76 26
76 27
76 28
76 29
75 29
75 30
74 30
75 28
75 27
74 27
74 28
74 29
77 25
78 24
78 22
77 24
75 22
74 22
73 22
72 22
72 23
73 23
71 23
71 22
74 21
75 21
73 24
72 24
71 24
71 25
71 26
70 26
70 24
70 23
69 26
68 28
68 29
69 29
69 30
70 30
70 31
71 31
72 31
73 31
73 30
73 29
72 29
72 30
71 29
71 30
70 29
70 28
72 32
72 33
73 33
69 31
69 32
68 32
67 32
66 32
66 33
67 33
68 33
68 34
68 35
69 35
67 35
67 34
66 34
66 35
65 35
65 36
65 37
65 34
64 34
64 35
63 35
62 35
62 36
62 37
61 37
63 34
64 33
65 33
65 32
64 32
64 31
65 31
63 31
63 32
63 33
62 33
62 32
61 32
61 33
60 33
60 32
59 32
59 33
59 34
60 31
60 30
61 30
61 31
62 31
62 30
66 31
67 31
67 30
68 30
68 31
66 30
67 29
66 29
65 29
65 28
66 28
67 28
67 27
66 27
65 27
65 26
65 25
64 25
64 28
63 28
63 29
64 29
64 30
63 30
62 28
62 29
61 28
61 29
60 28
60 27
63 27
64 27
66 26
66 25
66 24
67 24
68 22
69 22
69 21
70 21
71 21
72 21
73 21
70 20
71 20
71 19
71 18
72 18
72 17
73 17
73 18
74 18
75 18
74 19
74 20
75 20
73 19
73 20
73 16
74 16
71 17
70 17
69 17
68 17
68 18
67 22
66 22
65 24
64 24
63 24
62 24
61 24
61 25
62 25
61 23
60 23
59 23
59 24
60 24
58 24
58 23
58 22
59 22
57 22
57 23
57 24
57 25
58 25
59 25
60 25
60 26
59 26
58 26
58 27
58 28
58 29
59 29
59 30
58 30
58 31
59 31
57 31
56 31
56 32
56 33
56 34
55 34
55 35
55 36
55 37
54 37
53 37
52 37
52 38
53 38
54 38
53 39
54 39
53 36
52 36
53 35
54 35
54 36
53 34
54 34
54 33
53 33
55 33
55 32
55 31
54 31
54 32
53 32
53 31
53 30
54 30
55 30
56 30
57 30
52 30
53 29
54 29
55 29
56 29
53 28
54 28
55 28
56 28
57 28
56 27
53 27
54 27
55 27
55 26
55 25
56 25
56 24
55 24
55 23
56 23
54 23
53 23
53 24
52 24
52 23
52 22
52 21
52 20
53 20
53 21
53 22
51 20
51 21
51 19
50 19
51 18
52 18
53 18
54 18
54 17
55 17
52 19
52 17
50 18
49 18
48 18
48 17
47 17
46 17
46 16
45 16
45 17
45 18
45 19
46 19
47 19
47 18
46 18
45 20
54 22
54 21
54 20
54 19
55 19
55 18
53 19
53 26
53 25
54 25
54 26
59 28
59 27
63 23
64 23
64 22
63 22
64 20
64 21
63 21
62 21
62 22
62 23
61 21
61 22
60 22
63 19
63 20
62 20
61 20
61 19
62 19
62 18
60 19
59 19
59 20
59 21
60 21
60 20
58 21
57 21
56 21
56 22
58 19
57 19
57 20
58 20
56 20
55 20
63 18
63 17
62 17
62 16
63 16
61 16
61 17
61 18
60 18
59 18
59 17
60 16
59 16
61 15
62 13
62 12
62 11
62 10
63 12
63 11
63 10
61 9
61 10
61 11
61 12
60 12
60 13
60 14
59 14
59 15
59 13
58 13
58 12
57 12
57 13
57 14
56 13
55 13
55 12
54 12
54 13
54 14
55 14
56 14
55 15
54 15
56 12
57 11
58 11
59 11
60 11
59 12
59 10
58 10
57 10
56 11
60 10
61 7
59 4
59 5
58 4
58 5
57 5
56 5
55 5
55 4
55 3
56 3
57 3
58 3
56 2
57 2
58 2
56 1
57 1
58 1
58 0
57 0
56 0
55 0
54 0
53 0
57 -1
58 -1
55 1
54 3
54 4
53 4
52 4
51 4
50 4
51 3
50 3
52 3
53 3
55 2
57 4
58 -2
57 -2
56 -2
54 -1
53 -1
49 1
50 1
51 1
49 0
49 -1
48 4
48 5
47 5
47 6
47 7
48 7
49 7
50 7
51 7
50 8
48 8
48 9
47 9
47 10
48 10
49 10
50 10
51 10
52 10
53 10
54 10
55 10
56 10
56 9
57 9
58 9
57 8
54 9
55 9
55 8
56 8
54 8
53 8
53 7
52 7
52 8
52 6
51 6
50 6
55 7
55 6
56 6
56 7
57 7
53 9
53 11
52 11
51 11
51 12
51 13
51 14
52 14
52 13
50 14
50 13
50 12
50 11
51 9
52 9
50 9
49 9
48 11
48 12
48 13
47 12
46 12
46 13
46 14
47 14
47 13
46 15
45 15
44 15
44 14
45 14
45 13
43 14
46 11
47 11
45 11
46 10
45 10
45 9
46 9
44 9
44 10
44 11
44 12
45 12
43 12
43 13
43 11
43 10
42 10
42 9
43 9
44 8
45 8
45 7
46 7
46 8
47 8
46 6
44 7
44 6
43 6
43 7
43 8
45 6
45 5
48 6
49 6
49 5
46 5
46 4
47 4
42 3
41 3
43 2
42 4
40 5
39 5
39 6
38 4
37 4
37 5
38 5
35 1
35 0
34 3
35 3
36 3
36 4
34 4
33 4
34 1
33 0
32 0
30 4
28 1
27 1
27 0
27 -1
28 -1
28 -2
27 -2
27 -3
28 -3
29 -3
29 -2
28 -4
29 -4
30 -4
30 -3
30 -2
31 -2
29 -5
28 -5
23 7
22 7
23 9
24 9
20 10
20 11
21 11
21 10
20 12
21 12
22 12
23 12
22 11
23 11
23 10
22 10
22 9
20 13
21 13
20 14
21 14
21 15
21 16
21 17
21 18
22 18
23 18
24 18
25 18
25 19
25 20
25 21
26 21
26 22
26 20
26 19
26 18
25 22
25 23
24 21
24 22
23 21
22 21
22 22
22 23
21 22
21 23
21 24
21 25
22 25
23 25
23 26
23 27
23 28
22 28
22 27
22 26
21 26
20 24
20 25
20 26
19 25
19 26
19 27
19 28
19 29
20 29
21 29
21 28
21 27
20 30
21 30
22 30
23 30
22 29
21 31
21 32
20 32
20 33
19 32
20 31
19 31
18 31
18 32
18 33
18 34
18 30
19 30
20 28
21 21
20 21
21 20
22 20
20 20
19 20
19 21
19 22
19 23
18 23
18 24
18 25
18 22
21 19
24 20
24 19
22 19
22 17
23 17
22 16
22 15
23 15
24 15
24 16
25 16
26 16
23 16
23 14
22 14
22 13
23 13
20 17
20 18
20 19
19 19
18 19
17 19
17 18
18 18
18 17
17 17
18 16
18 15
19 15
19 16
20 16
20 15
19 17
19 14
19 13
18 13
19 12
19 11
17 15
16 15
16 16
15 15
14 15
14 16
15 16
15 17
15 18
16 18
15 19
16 19
16 20
15 20
14 17
14 18
13 18
13 19
12 18
12 19
12 20
13 20
13 21
13 22
14 22
11 19
11 20
10 20
10 21
11 21
11 22
10 22
12 17
11 17
11 18
10 17
9 17
9 18
10 18
9 19
10 19
8 19
7 19
7 18
8 18
8 17
8 16
9 16
7 16
7 17
6 17
6 18
6 19
6 20
6 21
6 22
7 22
7 23
7 24
6 24
6 25
7 25
7 26
6 26
6 27
7 27
6 28
6 29
7 29
8 29
8 30
7 30
7 31
8 31
7 32
7 33
8 33
8 34
8 32
9 32
9 33
10 33
11 33
12 33
13 33
14 33
14 32
14 31
13 31
12 31
11 31
11 32
10 32
10 31
10 30
11 30
10 29
9 29
10 28
9 28
8 28
7 28
8 27
9 27
10 27
11 27
11 26
12 26
12 27
12 25
13 25
14 25
13 26
14 26
13 27
14 27
15 27
15 28
15 29
16 29
17 29
14 29
14 28
13 28
13 29
12 29
12 30
13 24
12 24
11 24
11 25
10 25
10 24
10 23
11 23
9 23
8 23
8 24
9 24
9 25
9 26
10 26
8 26
8 25
13 30
14 30
15 30
15 31
11 34
12 34
12 35
11 35
11 36
10 36
10 37
11 37
12 37
13 37
14 37
14 38
15 38
14 39
15 39
16 39
16 40
17 40
18 40
19 40
19 39
18 39
17 39
19 38
20 38
21 38
21 39
21 40
21 41
20 39
20 37
21 37
22 37
23 37
23 38
22 38
23 36
24 36
25 36
25 37
26 37
27 37
28 37
28 36
29 36
29 37
30 37
31 37
27 36
27 35
28 35
29 35
30 35
31 35
31 36
32 36
32 35
32 34
29 34
29 33
30 33
30 34
28 33
28 34
29 32
28 32
27 32
27 33
26 33
26 34
27 34
25 34
24 34
24 33
23 33
23 34
23 35
24 35
22 35
22 34
21 34
21 35
20 35
19 35
19 34
20 34
19 33
21 33
22 33
22 32
23 32
24 32
23 31
24 31
25 31
26 31
27 31
26 30
27 30
26 29
25 29
25 30
25 32
26 32
25 33
24 30
24 29
23 29
22 31
28 31
29 31
29 30
27 38
28 38
28 39
29 39
30 39
30 38
31 38
32 38
32 37
31 39
31 40
29 38
29 40
30 40
30 41
31 41
28 40
28 41
27 40
26 40
26 41
27 41
25 41
25 42
24 42
23 42
22 42
21 42
24 41
25 40
25 39
26 39
26 38
24 39
24 40
27 39
20 36
21 36
19 36
19 37
18 36
18 37
18 38
18 41
19 41
20 41
19 42
18 42
17 42
17 43
18 43
16 43
16 44
15 44
14 44
14 45
13 44
13 43
14 43
15 43
12 43
12 42
13 42
14 42
15 42
14 41
15 41
16 41
16 42
15 40
13 41
12 41
11 41
11 42
11 43
11 44
11 45
11 46
12 46
12 47
12 48
13 48
14 48
15 48
16 48
16 49
17 49
17 48
18 48
19 48
19 49
18 49
18 47
17 47
18 46
17 46
16 46
15 46
16 45
17 45
16 50
17 50
17 51
18 51
18 50
16 51
15 49
15 47
16 47
14 47
13 47
13 46
14 46
13 45
12 45
12 44
11 47
10 45
9 45
9 46
8 46
8 45
7 45
7 46
7 47
7 48
8 48
9 48
10 48
10 47
9 47
8 49
7 49
7 50
7 51
8 51
8 50
6 51
6 52
7 52
7 53
7 54
6 53
6 54
5 52
6 50
5 50
5 51
4 50
6 49
6 48
6 45
10 44
10 43
10 41
10 40
11 40
12 40
12 39
13 39
13 40
14 40
13 38
12 38
17 41
16 38
10 38
9 37
9 36
8 36
8 37
8 38
7 38
7 39
8 39
8 40
8 41
9 41
8 42
7 41
6 41
6 42
7 42
7 43
8 43
9 43
9 44
8 44
6 43
5 43
4 43
4 44
3 43
3 42
4 42
5 42
5 41
4 41
3 41
3 40
4 40
5 40
6 40
6 39
5 39
5 38
6 38
8 35
7 35
7 34
6 34
5 34
5 33
6 33
10 34
9 34
9 35
9 31
9 30
6 30
6 31
5 30
5 29
5 28
5 27
5 25
5 24
4 24
4 25
3 25
3 26
4 26
5 26
2 25
2 26
2 24
3 24
2 23
3 23
4 23
5 23
4 22
5 22
3 22
4 21
5 21
4 20
3 20
3 19
4 19
5 19
5 20
5 18
4 18
3 18
3 17
4 17
4 16
5 16
3 16
2 16
2 17
2 18
2 19
1 18
0 18
-1 18
-1 19
-2 19
-1 17
0 17
1 17
1 16
0 16
-1 16
-2 16
-2 17
-2 18
-3 16
-4 16
-5 16
-5 15
-5 14
-4 14
-3 14
-2 14
-2 15
-1 15
-1 14
-2 13
-1 13
-1 12
0 12
1 12
1 13
0 13
0 14
1 14
0 15
1 15
2 15
3 15
4 15
4 14
3 14
4 13
5 13
6 13
7 13
8 13
8 14
9 14
9 13
10 13
11 13
12 13
12 12
10 12
11 12
11 11
12 11
9 12
8 12
7 12
6 12
5 12
5 11
6 11
4 11
3 11
4 10
5 10
6 10
7 10
8 10
9 10
10 10
10 11
9 11
8 9
9 9
10 9
11 9
12 9
12 10
13 10
14 10
15 10
16 10
17 10
17 11
18 11
18 12
17 12
17 13
16 13
16 12
18 10
18 9
19 9
19 8
18 8
17 8
17 9
16 11
15 11
15 12
14 12
14 13
15 13
13 13
13 14
13 15
12 15
11 15
11 16
10 16
10 15
12 14
11 14
16 9
15 9
15 8
16 8
16 7
14 11
13 11
13 12
11 10
9 8
9 7
8 7
7 9
6 9
5 9
4 9
3 9
3 10
2 9
1 9
0 9
-1 9
-2 9
-3 9
-3 10
-3 11
-4 11
-5 11
-6 11
-6 10
-4 10
-4 9
-5 9
-6 9
-7 9
-8 9
-9 9
-10 9
-10 10
-11 9
-12 9
-11 8
-12 8
-13 8
-10 8
-9 8
-8 8
-7 8
-6 8
-5 8
-5 7
-4 7
-6 7
-4 8
-3 8
-3 7
-2 7
-1 7
-1 8
-2 8
-1 6
0 6
0 7
0 5
1 5
1 4
2 4
3 4
3 3
4 3
5 3
6 3
7 3
6 4
6 5
5 5
5 6
5 7
4 6
5 4
4 4
4 5
3 2
4 2
5 2
4 1
5 1
6 1
6 2
7 2
7 1
6 0
5 0
4 0
4 -1
5 -1
6 -1
3 -1
3 0
3 1
-1 5
-2 5
-2 6
-3 6
-4 6
-5 6
-1 4
-2 4
-3 4
-1 3
0 3
-2 3
-2 2
-3 2
-3 3
-4 2
-4 3
-4 4
-5 4
-5 3
-6 3
-6 4
-7 4
-7 3
-5 2
-5 1
-4 1
-6 1
-6 2
-7 2
-8 2
-9 2
-9 3
-8 3
-8 1
-7 1
-7 0
-7 -1
-8 -1
-8 -2
-7 -2
-6 -2
-6 -1
-8 -3
-9 -3
-10 -3
-10 -2
-10 -1
-9 -1
-9 0
-8 0
-9 -2
-11 -1
-12 -1
-12 0
-12 1
-11 -2
-12 -2
-13 -2
-13 -1
-14 -1
-15 -1
-14 -2
-14 -3
-13 -3
-12 -3
-11 -3
-12 -4
-11 -4
-11 -5
-12 -5
-13 -5
-14 -5
-14 -6
-13 -6
-14 -7
-13 -7
-12 -7
-12 -6
-11 -6
-10 -6
-10 -5
-9 -5
-9 -4
-8 -4
-8 -5
-7 -5
-9 -6
-8 -6
-7 -6
-6 -6
-5 -6
-5 -5
-6 -5
-6 -4
-10 -7
-9 -7
-8 -7
-7 -7
-8 -8
-7 -8
-6 -8
-5 -8
-4 -8
-3 -8
-3 -9
-5 -9
-5 -10
-4 -10
-3 -10
-2 -10
-2 -9
-1 -9
-2 -11
-4 -11
-3 -11
-5 -11
-6 -7
-5 -7
-6 -9
-7 -9
-7 -10
-7 -11
-9 -8
-9 -9
-8 -9
-8 -10
-8 -11
-8 -12
-7 -12
-9 -12
-10 -12
-10 -11
-9 -11
-8 -13
-10 -8
-11 -8
-11 -7
-12 -8
-12 -9
-11 -9
-11 -10
-12 -10
-11 -11
-11 -12
-12 -12
-13 -12
-13 -11
-12 -11
-14 -11
-14 -12
-15 -12
-16 -12
-16 -11
-15 -11
-15 -10
-14 -10
-14 -9
-14 -8
-13 -8
-13 -9
-15 -8
-15 -7
-15 -9
-17 -11
-17 -10
-16 -10
-18 -11
-17 -12
-17 -13
-16 -13
-15 -13
-14 -13
-14 -14
-13 -14
-12 -14
-12 -13
-12 -15
-11 -15
-11 -16
-12 -16
-11 -17
-10 -17
-10 -18
-13 -13
-16 -14
-15 -14
-15 -15
-16 -15
-17 -15
-18 -15
-17 -14
-11 -13
-10 -13
-9 -13
-10 -14
-9 -14
-11 -14
-13 -4
-10 -4
-9 1
-10 1
-11 1
-11 2
-10 2
-10 3
-10 4
-11 0
-10 0
-6 0
-5 0
-4 0
-4 -1
-3 -1
-2 -1
-1 -1
0 -1
0 -2
0 -3
1 -3
2 -3
-1 0
-1 1
-1 2
-1 -2
-2 0
-2 -2
-2 -3
-1 -3
-1 -4
0 -4
1 -4
0 -5
1 -5
1 -6
-1 -5
0 -6
-1 -6
-1 -7
0 -7
1 -7
0 -8
-1 -8
-2 -8
-3 0
-5 -1
-4 -2
-3 -2
-3 -3
-3 -4
-2 -4
-3 -5
-2 -5
-4 -5
-4 -4
-4 -3
-5 -4
-4 -6
-3 -6
-3 1
-2 1
0 8
3 8
2 8
3 7
4 8
5 8
6 8
6 7
7 7
7 8
6 6
7 6
7 5
8 5
9 5
9 6
8 6
9 4
8 4
7 4
8 3
8 2
8 1
8 11
7 11
8 15
7 14
6 14
5 14
5 15
6 15
4 12
3 12
1 11
2 11
2 12
2 13
3 13
1 10
2 10
-1 11
-1 10
-2 10
-2 11
-3 15
-3 13
-3 12
-2 12
-4 12
-4 15
6 23
7 21
7 20
5 17
6 16
13 17
13 16
14 14
15 14
16 14
17 14
18 14
19 18
19 10
17 4
13 7
11 8
10 8
10 4
10 0
7 -3
6 -3
5 -3
4 -3
5 -4
6 -4
5 -5
7 -4
8 -4
8 -5
7 -5
6 -5
7 -1
7 0
1 -2
