4545
0 0
1 0
2 0
2 -1
1 -1
2 -2
3 -2
-1 0
-2 0
-3 0
-3 1
-4 1
-4 2
-4 3
-4 4
-5 4
-5 5
-4 5
-3 5
-2 5
-1 5
-1 4
0 4
1 4
1 5
2 5
3 5
3 6
4 6
5 6
6 6
7 6
8 6
8 7
8 8
9 8
10 8
11 8
12 8
13 8
13 7
12 7
12 6
13 6
14 6
11 6
11 9
12 9
12 10
12 11
13 11
13 12
13 13
14 13
15 13
14 14
14 15
13 15
13 14
12 14
12 12
12 13
13 10
13 9
14 9
15 9
16 9
17 9
18 9
18 8
19 8
20 8
20 9
21 9
22 9
23 9
22 10
21 10
20 10
20 11
21 11
21 12
22 12
23 12
24 12
25 12
26 12
27 12
28 12
29 12
30 12
31 12
32 12
32 11
31 11
30 11
32 10
31 10
30 10
30 9
29 9
29 10
29 11
29 8
30 8
31 8
32 8
33 8
34 8
35 8
36 8
36 7
35 9
36 9
37 9
38 9
38 8
37 10
38 10
39 10
40 10
40 9
39 11
40 11
40 12
41 12
41 11
41 10
40 13
41 13
42 13
43 13
44 13
45 13
46 13
45 14
45 12
46 12
47 12
47 13
47 11
48 11
48 12
46 11
43 12
40 14
40 15
40 16
41 16
42 16
42 17
43 17
43 16
43 15
44 15
43 14
42 14
42 15
42 18
43 18
44 18
44 17
44 16
45 16
45 17
45 18
45 15
46 15
47 15
48 15
48 14
49 14
49 13
48 13
49 12
49 11
49 10
50 10
48 10
48 9
47 9
47 8
46 8
47 14
46 16
46 14
43 19
44 19
42 19
41 19
40 19
40 20
40 21
40 22
39 22
39 23
39 24
40 24
40 25
40 26
41 26
42 26
42 27
42 25
43 25
43 26
44 26
45 26
45 25
44 25
43 27
44 27
43 28
42 28
42 29
43 29
44 29
45 29
46 29
46 28
47 28
47 27
45 28
46 27
45 27
46 26
46 25
46 24
44 30
45 30
46 30
47 30
48 30
49 30
49 29
50 29
51 29
52 29
53 29
54 29
55 29
54 28
55 28
55 27
55 26
56 26
56 25
53 28
52 28
51 28
51 27
52 27
52 26
53 26
54 26
54 27
53 27
53 25
51 26
50 26
50 27
49 27
49 28
48 28
48 29
47 29
48 27
48 26
49 26
49 25
50 25
49 24
50 24
49 23
50 23
51 23
51 24
51 22
52 22
52 23
53 23
52 24
52 25
51 25
50 22
50 21
51 21
49 21
50 20
50 19
51 19
52 19
51 20
52 20
53 20
53 21
54 21
55 21
55 22
55 23
55 20
56 20
57 20
54 20
55 19
56 19
56 18
54 22
53 22
52 21
53 19
54 19
53 18
53 17
54 17
55 17
55 18
55 16
56 16
57 16
57 17
58 17
59 17
56 17
57 15
58 15
58 16
56 15
55 15
54 15
54 16
53 15
53 16
52 16
52 17
52 18
51 18
51 16
50 16
50 15
51 15
51 14
52 14
52 15
52 13
53 13
54 13
54 14
54 12
53 12
52 12
53 11
54 11
55 11
55 10
55 9
56 9
57 9
58 9
59 9
60 9
60 10
61 10
62 10
63 10
63 11
64 11
64 12
65 12
66 12
67 12
68 12
68 11
69 11
70 11
70 12
70 13
70 14
69 14
69 15
69 13
68 13
69 12
70 10
69 10
68 10
67 10
66 10
66 11
67 11
65 11
65 10
67 9
68 9
68 8
68 7
69 7
70 7
70 6
70 5
71 5
72 5
72 6
73 6
73 7
73 8
74 8
75 8
76 8
76 9
76 7
76 6
74 9
75 9
74 10
75 10
76 10
77 10
77 9
78 9
79 9
80 9
81 9
81 10
81 11
82 11
82 12
81 12
81 8
80 8
79 8
79 7
78 7
78 8
77 8
77 7
78 6
79 6
77 6
78 5
78 4
79 4
79 3
77 4
77 5
76 4
76 5
75 4
75 3
74 3
74 4
73 3
73 4
72 4
71 4
70 4
69 4
69 5
68 5
68 6
67 6
66 6
65 6
65 7
65 8
66 8
65 9
66 9
64 9
64 10
63 9
62 9
61 9
61 8
62 8
63 8
63 7
62 7
61 7
60 7
60 8
59 8
58 8
60 6
60 5
59 5
59 6
59 7
58 6
58 7
57 7
57 8
57 6
56 6
55 6
55 5
56 5
56 4
57 4
57 5
57 3
56 3
55 3
56 2
55 2
56 1
57 1
56 0
55 0
55 1
55 -1
56 -1
57 -1
58 -1
58 0
59 0
60 0
59 -1
58 1
59 1
59 2
60 2
60 3
60 4
59 3
59 4
58 3
58 4
60 1
58 2
57 0
57 -2
54 -1
54 -2
55 -2
56 -2
56 -3
56 -4
55 -3
55 -4
54 -4
53 -4
53 -3
52 -3
52 -2
52 -1
51 -1
51 0
52 0
52 1
53 1
54 1
54 0
53 0
52 2
53 2
52 3
53 3
53 4
52 4
51 4
51 5
50 5
50 4
50 3
49 3
49 2
50 2
51 2
51 3
51 1
50 1
49 1
50 0
49 0
50 -1
49 -1
49 -2
51 -2
51 -3
50 -3
50 -2
49 -3
49 -4
50 -4
48 -4
47 -4
47 -3
46 -3
46 -2
47 -2
48 -2
48 -1
47 -1
47 0
48 0
46 0
46 -1
45 -2
45 -1
45 0
44 0
45 -3
45 -4
44 -4
44 -3
44 -2
43 -3
43 -2
42 -2
42 -1
41 -1
41 0
42 0
42 1
42 2
43 2
43 3
44 3
44 4
44 5
43 5
42 5
42 6
42 7
43 7
43 6
44 6
41 6
41 7
42 4
43 4
41 4
40 4
40 5
41 5
40 6
40 7
39 7
38 7
39 6
38 6
37 6
39 5
40 3
41 3
41 2
40 2
40 1
39 1
38 1
38 2
39 2
39 3
39 4
38 3
38 4
37 1
36 1
40 0
39 0
38 0
37 0
36 0
35 0
36 -1
37 -1
37 -2
36 -2
35 -2
34 -2
37 -3
38 -3
39 -3
39 -2
37 -4
38 -4
39 -4
39 -5
40 -5
41 -5
41 -4
42 -4
43 -4
43 -5
44 -5
43 -6
44 -6
45 -6
46 -6
45 -5
45 -7
46 -7
44 -7
44 -8
43 -8
43 -9
44 -9
45 -9
45 -8
45 -10
46 -10
47 -10
46 -9
46 -8
46 -11
47 -11
48 -11
48 -10
49 -10
50 -10
49 -11
50 -11
49 -12
47 -12
46 -12
45 -11
44 -11
44 -12
45 -12
45 -13
44 -13
43 -13
42 -13
41 -13
41 -12
42 -12
43 -12
42 -11
42 -10
43 -10
44 -10
42 -9
42 -8
41 -8
41 -7
41 -6
40 -7
40 -6
39 -6
38 -6
38 -5
37 -5
36 -5
36 -4
36 -6
37 -6
40 -8
39 -8
39 -7
38 -7
38 -8
37 -8
37 -7
37 -9
38 -9
38 -10
39 -9
40 -9
40 -10
41 -10
41 -11
40 -11
39 -11
39 -10
38 -11
37 -11
37 -10
39 -12
41 -9
40 -12
40 -13
39 -13
40 -14
41 -14
41 -15
42 -15
43 -15
44 -15
44 -16
43 -16
43 -14
41 -16
41 -17
41 -18
42 -18
43 -18
42 -17
42 -16
40 -18
41 -19
40 -19
39 -19
39 -18
41 -20
41 -21
42 -21
41 -22
40 -22
40 -21
40 -20
39 -21
38 -21
38 -20
39 -20
38 -19
37 -19
36 -19
37 -20
37 -21
36 -21
37 -22
38 -22
39 -22
39 -23
38 -23
41 -3
42 -3
41 -2
40 -2
40 -1
40 -3
40 -4
35 -1
38 -1
39 -1
41 1
44 2
45 2
44 1
45 1
43 1
46 -4
46 -5
47 -5
48 -5
49 -5
50 -5
51 -5
51 -4
51 -6
48 -6
48 -7
49 -7
50 -7
50 -6
49 -6
50 -8
49 -8
47 -7
47 -6
48 -8
47 -8
48 -9
49 -9
52 -4
52 -5
52 -6
53 -6
54 -6
55 -6
55 -5
56 -5
57 -5
57 -6
57 -7
58 -7
58 -6
59 -6
60 -6
60 -5
61 -5
62 -5
62 -4
63 -4
64 -4
65 -4
66 -4
66 -5
67 -5
68 -5
68 -6
67 -6
68 -7
68 -8
68 -9
69 -9
69 -10
70 -10
71 -10
71 -9
72 -9
73 -9
73 -8
73 -7
72 -7
72 -8
71 -8
71 -11
72 -11
70 -11
68 -10
68 -11
66 -6
66 -7
65 -7
65 -6
65 -8
66 -8
66 -9
66 -10
67 -10
67 -11
66 -11
65 -11
64 -11
64 -10
63 -10
63 -11
63 -12
63 -13
62 -13
62 -12
62 -11
61 -11
61 -10
61 -9
61 -8
60 -8
59 -8
59 -7
60 -9
60 -10
59 -10
58 -10
57 -10
56 -10
56 -9
55 -9
55 -8
56 -8
55 -10
55 -11
56 -11
57 -11
59 -11
58 -11
58 -12
59 -12
59 -13
60 -13
59 -14
59 -15
58 -15
57 -15
57 -16
58 -16
57 -17
58 -17
59 -17
59 -18
60 -18
60 -17
61 -17
62 -17
62 -16
63 -16
63 -17
64 -17
63 -18
64 -18
65 -18
65 -17
66 -17
65 -16
66 -16
66 -15
67 -15
68 -15
68 -14
69 -14
69 -15
69 -16
68 -16
68 -17
68 -18
69 -18
70 -18
71 -18
72 -18
71 -19
72 -19
70 -19
70 -20
71 -20
72 -20
72 -21
73 -21
71 -21
71 -22
72 -22
72 -23
72 -24
73 -24
73 -23
74 -23
75 -23
75 -22
76 -22
77 -22
77 -21
77 -20
76 -20
76 -19
76 -18
76 -17
75 -18
75 -17
74 -18
73 -18
74 -19
75 -19
73 -19
73 -20
74 -20
74 -21
74 -22
73 -22
76 -21
75 -21
75 -20
77 -23
78 -23
78 -24
79 -24
79 -23
77 -24
76 -24
76 -23
75 -24
75 -25
74 -25
74 -26
73 -26
73 -27
74 -27
75 -27
76 -27
75 -28
76 -28
77 -28
78 -28
79 -28
80 -28
81 -28
82 -28
80 -27
79 -29
80 -29
81 -29
82 -29
83 -29
84 -29
85 -29
85 -28
86 -28
86 -27
87 -27
86 -29
87 -29
88 -29
89 -29
89 -30
88 -28
89 -28
90 -28
90 -27
91 -27
91 -26
91 -28
91 -29
92 -29
92 -30
90 -29
91 -30
90 -30
90 -31
89 -31
88 -31
88 -30
88 -32
87 -32
87 -31
87 -30
86 -30
90 -32
91 -32
92 -32
92 -31
89 -32
91 -31
89 -27
89 -26
89 -25
90 -25
90 -24
89 -24
90 -26
88 -25
88 -24
88 -23
89 -23
87 -23
87 -24
87 -25
87 -26
86 -26
86 -25
85 -25
85 -24
86 -24
85 -26
88 -26
88 -27
87 -28
85 -27
84 -28
83 -28
83 -27
84 -27
84 -26
83 -26
82 -26
82 -25
81 -25
80 -25
80 -24
81 -24
81 -23
81 -22
80 -22
80 -23
80 -26
81 -30
82 -30
83 -30
84 -30
82 -31
83 -31
84 -31
84 -32
84 -33
83 -33
82 -33
82 -34
82 -35
79 -30
79 -31
80 -31
81 -31
81 -32
82 -32
83 -32
78 -27
79 -27
77 -27
78 -29
77 -29
76 -29
76 -30
77 -30
77 -31
78 -31
78 -32
79 -32
79 -33
78 -33
77 -33
78 -34
77 -34
77 -35
76 -35
76 -34
75 -34
75 -33
76 -33
76 -32
77 -32
76 -31
75 -31
75 -30
75 -29
74 -29
74 -28
73 -29
73 -28
73 -30
72 -30
72 -29
72 -28
72 -27
71 -28
70 -28
70 -27
71 -27
69 -27
71 -29
71 -30
71 -31
71 -32
72 -32
73 -32
73 -33
74 -33
74 -34
74 -35
75 -35
75 -36
76 -36
77 -36
78 -36
79 -36
79 -35
79 -34
80 -34
80 -33
80 -32
80 -35
79 -37
80 -37
81 -37
81 -36
81 -35
81 -38
80 -38
79 -38
80 -39
79 -39
79 -40
80 -40
80 -41
80 -42
81 -42
82 -42
82 -41
81 -41
81 -40
81 -39
82 -39
83 -39
83 -38
83 -37
80 -43
78 -40
77 -40
77 -39
78 -39
78 -38
76 -39
76 -38
76 -37
77 -37
78 -37
75 -37
74 -37
74 -36
75 -38
74 -38
76 -40
73 -35
72 -33
71 -33
71 -34
72 -34
70 -34
71 -35
71 -36
72 -36
71 -37
72 -37
73 -37
73 -36
72 -38
72 -39
73 -39
73 -40
72 -31
74 -30
74 -31
73 -31
74 -32
75 -32
78 -35
74 -24
73 -25
72 -25
71 -25
71 -24
70 -25
70 -24
70 -23
71 -26
72 -26
70 -21
69 -21
69 -22
69 -23
69 -24
70 -17
70 -16
69 -17
67 -18
67 -17
67 -16
66 -18
68 -13
68 -12
67 -12
67 -13
66 -13
67 -14
65 -15
65 -14
66 -14
65 -13
65 -19
62 -18
62 -19
63 -19
61 -16
60 -16
60 -15
59 -16
61 -18
61 -19
60 -19
60 -20
61 -20
62 -20
63 -20
64 -20
64 -19
60 -21
61 -21
61 -22
60 -22
60 -23
59 -23
59 -22
59 -21
59 -20
58 -21
58 -20
58 -19
59 -19
58 -18
57 -18
57 -19
57 -20
56 -20
58 -22
58 -23
58 -24
59 -24
60 -24
59 -25
59 -26
60 -26
61 -26
62 -26
63 -26
63 -27
62 -27
61 -27
60 -27
59 -27
58 -27
60 -25
58 -25
58 -26
57 -26
61 -23
56 -17
58 -13
57 -13
56 -13
60 -11
60 -12
61 -13
61 -14
61 -15
62 -14
63 -14
62 -15
63 -15
65 -12
66 -12
65 -9
65 -3
65 -2
65 -1
65 0
65 1
62 -6
60 -4
61 -4
59 -5
58 -5
58 -4
59 -4
59 -3
60 -3
61 -3
60 -2
60 -1
61 -1
62 -1
63 -1
63 0
61 0
61 -2
59 -2
57 -4
57 -3
60 -7
61 -7
52 -7
53 -7
51 -7
51 -8
52 -8
53 -8
53 -9
53 -2
53 -1
55 4
54 4
58 5
64 8
64 7
64 6
64 5
65 5
66 5
67 5
67 4
66 4
65 4
66 3
66 2
67 2
68 2
67 3
68 4
70 3
71 3
69 3
74 2
75 2
76 2
76 3
77 3
77 2
77 1
78 1
78 2
78 0
79 0
80 0
80 -1
79 -1
78 -1
77 -1
77 0
78 -2
79 1
79 2
80 2
80 3
81 3
82 3
82 2
83 2
84 2
84 3
85 3
86 3
87 3
87 2
88 2
89 2
89 3
90 3
91 3
91 4
91 5
91 6
92 6
90 6
90 7
90 8
90 9
90 10
89 10
89 11
89 12
90 12
90 13
90 14
90 15
89 13
89 14
88 14
88 13
88 12
87 12
87 13
87 14
86 14
86 15
85 15
84 15
83 15
82 15
82 14
83 14
81 14
80 14
80 15
81 15
79 14
79 15
79 16
80 16
81 16
82 16
83 16
81 17
82 17
83 17
83 18
84 18
85 18
86 18
87 18
88 18
89 18
90 18
91 18
91 19
91 17
91 16
92 16
90 16
89 16
88 16
90 19
90 20
91 20
91 21
92 21
92 20
93 20
93 21
94 21
95 21
95 22
96 22
96 23
97 23
98 23
99 23
100 23
100 22
101 22
102 22
102 23
103 23
103 22
104 22
102 24
103 24
103 25
104 25
102 25
102 26
102 27
101 23
101 24
101 25
99 24
99 25
99 26
99 27
100 27
100 28
101 28
99 28
98 26
98 27
98 28
98 29
99 29
99 30
98 30
97 30
97 29
97 28
96 28
98 25
97 25
97 26
97 24
98 24
98 22
97 22
97 21
97 20
98 20
99 20
99 21
100 21
100 20
100 19
101 19
100 18
101 18
102 18
102 17
103 17
103 16
104 16
105 16
106 16
106 17
107 17
107 16
108 16
109 16
110 16
111 16
112 16
112 17
113 17
114 17
114 18
114 19
114 16
113 16
112 18
113 18
112 19
113 19
112 20
113 20
114 20
115 20
116 20
116 19
117 19
118 19
117 20
117 21
117 22
117 23
115 19
115 18
115 17
116 17
117 17
117 18
118 18
119 18
120 18
117 16
118 16
118 17
119 17
119 16
119 15
120 15
121 15
121 16
122 16
122 17
122 18
122 19
123 19
123 18
123 17
124 17
123 16
122 20
123 20
121 20
120 20
119 20
119 21
118 20
119 19
120 19
121 19
121 18
121 17
122 15
123 15
124 15
124 16
123 14
122 14
121 14
122 13
123 13
124 13
125 13
126 13
126 12
127 12
128 12
128 13
128 14
129 14
130 14
127 13
127 14
127 15
128 15
129 15
128 11
127 11
126 11
125 14
126 14
125 15
126 15
126 16
127 16
128 16
129 16
130 16
130 17
129 17
128 17
128 18
129 18
130 18
131 18
131 19
132 19
130 19
130 20
131 20
130 21
131 21
130 22
131 22
129 21
128 21
127 21
126 21
126 22
127 22
127 23
126 23
125 23
125 22
125 21
124 21
123 21
126 20
125 20
124 20
125 19
126 19
124 19
124 18
125 18
126 18
126 17
125 17
125 16
127 20
128 20
129 20
128 19
129 19
127 19
131 17
127 17
127 18
124 14
121 13
120 13
120 12
119 12
118 12
118 13
119 13
119 14
120 14
118 14
118 15
117 14
117 15
116 15
117 13
116 13
117 12
117 11
119 11
118 11
118 10
119 10
117 10
117 9
118 9
117 8
121 12
121 11
120 16
120 17
116 16
115 16
115 15
114 15
116 18
115 21
113 21
113 22
111 17
112 15
111 15
110 17
110 15
109 17
108 17
108 15
109 15
106 18
106 15
105 15
104 15
105 14
106 14
107 14
107 15
107 13
108 13
108 14
108 12
107 12
107 11
108 11
108 10
109 10
109 11
110 11
111 11
111 12
110 12
110 10
109 9
110 9
111 9
112 9
113 9
114 9
115 9
116 9
115 8
114 8
114 7
115 7
116 7
113 7
113 6
113 5
114 5
114 10
115 10
115 11
115 12
115 13
115 14
114 13
114 12
113 10
113 11
114 11
113 12
112 11
112 12
112 10
112 8
111 8
110 8
110 7
109 7
109 8
108 8
107 8
107 9
108 9
106 9
106 10
106 11
106 12
105 10
105 9
105 8
106 8
106 7
106 6
106 5
107 5
108 5
108 6
107 6
107 4
108 4
108 3
109 3
110 3
111 3
112 3
113 3
114 3
113 4
114 4
115 4
115 3
116 3
117 3
117 4
118 4
119 4
120 4
121 4
121 3
121 2
120 2
120 3
119 2
119 3
119 1
119 0
120 0
121 0
121 -1
120 -1
119 -1
118 -1
118 0
117 -1
117 0
118 -2
119 -2
120 -2
121 -2
118 5
119 5
120 5
121 5
119 6
118 6
117 6
117 7
116 6
115 6
117 5
116 5
116 4
116 2
115 2
112 4
112 5
111 4
110 4
109 4
110 2
111 2
112 2
113 2
114 2
113 1
113 0
112 0
112 1
111 1
112 -1
111 -1
112 -2
113 -2
113 -1
109 2
106 4
106 3
107 3
106 2
107 2
106 1
107 1
105 1
104 1
105 0
105 -1
106 -1
107 -1
108 -1
109 -1
109 0
110 0
109 -2
106 0
107 0
108 0
105 5
105 6
105 7
104 7
103 7
103 8
104 8
103 9
104 9
102 9
102 10
101 9
100 9
100 10
101 10
101 11
102 11
103 11
103 12
102 12
99 10
99 11
100 11
99 12
100 12
101 12
101 13
102 13
103 13
104 13
105 13
106 13
105 12
104 12
105 11
104 11
104 10
103 10
104 14
102 14
103 14
103 15
102 15
101 15
101 14
100 14
100 15
99 14
99 15
98 15
97 15
98 14
100 13
98 12
98 13
98 11
97 11
96 11
96 12
97 12
96 10
97 10
98 10
99 9
98 9
100 8
100 7
101 7
99 7
99 6
100 6
100 5
101 8
102 8
102 7
102 6
102 5
104 6
103 6
104 5
103 5
103 4
104 4
105 4
105 3
104 3
103 3
102 3
102 4
102 2
102 1
103 1
103 2
104 2
105 2
103 0
103 -1
102 -1
102 -2
102 -3
103 -3
101 -3
101 -2
100 -3
100 -2
100 -4
100 -5
101 -5
102 -5
102 -4
103 -4
101 -4
102 -6
101 -6
101 -7
102 -7
103 -7
104 -7
104 -8
105 -8
103 -8
102 -8
101 -8
103 -9
100 -6
103 -2
104 -2
104 -1
102 0
107 7
108 7
109 6
109 5
110 5
111 5
111 6
111 7
110 6
107 10
102 16
101 17
101 16
100 16
100 17
99 17
99 18
98 18
97 18
97 19
98 19
96 19
96 18
95 18
95 19
95 20
96 20
96 21
94 20
94 19
94 18
94 17
94 16
97 17
98 17
98 16
99 16
99 22
98 21
96 24
95 24
94 24
94 23
95 23
94 22
93 22
93 23
93 24
93 25
92 25
92 24
93 19
88 19
88 20
89 20
89 21
90 21
89 22
88 21
88 22
87 22
87 23
87 24
88 24
88 23
89 23
90 23
91 23
90 22
86 24
86 25
87 25
86 26
85 26
86 23
87 20
87 21
87 19
88 17
86 19
86 20
86 21
85 19
85 20
85 21
85 22
86 22
84 22
83 22
83 21
84 21
84 20
84 19
83 19
82 19
82 20
83 20
82 18
81 18
81 19
80 19
79 19
78 19
77 19
77 20
76 20
76 21
77 21
77 22
78 22
78 23
79 23
80 23
79 24
80 24
80 25
81 25
79 25
78 25
78 26
77 26
77 27
76 26
76 27
75 27
75 28
76 28
76 29
77 29
78 29
78 30
79 30
79 31
79 32
78 31
77 28
76 30
77 30
77 31
77 32
76 31
76 32
76 33
76 34
77 34
77 35
77 36
78 36
79 36
80 36
79 37
80 37
81 37
81 38
82 38
81 39
80 38
79 38
81 36
81 35
80 35
80 34
81 34
81 33
82 33
83 33
83 34
84 34
85 34
86 34
87 34
87 35
86 35
85 35
84 35
83 35
83 36
82 35
82 34
85 33
86 33
87 33
88 33
88 32
89 32
89 33
89 34
90 34
91 34
91 33
92 33
92 34
93 34
93 33
92 35
90 33
90 32
90 31
90 30
88 34
88 35
89 35
90 35
91 35
91 36
91 37
90 37
90 36
89 36
89 37
89 38
88 37
88 36
89 31
88 31
86 32
83 32
82 32
81 32
81 31
82 31
79 34
78 34
80 33
78 37
79 35
76 35
76 36
75 34
75 33
75 32
74 32
75 30
75 29
74 28
74 27
74 26
73 26
74 25
76 25
76 24
75 24
74 24
75 23
76 23
74 23
74 22
73 22
74 21
73 21
73 20
72 20
72 19
73 19
74 19
74 20
74 18
75 18
75 19
75 20
74 17
75 17
76 17
77 17
78 17
78 18
79 18
76 18
76 16
75 16
74 16
73 16
73 15
74 15
73 17
73 18
72 18
77 25
78 24
79 22
79 21
79 20
77 23
76 22
76 19
80 18
86 17
87 17
87 16
86 16
85 17
84 17
79 17
79 13
80 13
81 13
82 13
80 12
80 11
79 12
85 14
85 13
84 13
84 12
83 12
87 11
87 10
87 9
88 9
86 9
86 10
86 11
86 12
86 13
85 12
85 9
85 8
87 8
86 8
88 11
89 9
89 8
88 8
88 7
89 7
89 6
89 5
90 5
90 4
88 5
88 6
91 2
90 2
91 1
92 1
92 2
93 2
93 1
94 1
95 1
95 0
96 0
96 -1
97 -1
98 -1
98 -2
99 -2
98 -3
99 -3
99 -4
99 -5
98 -5
98 -6
97 -6
96 -6
96 -5
97 -5
97 -4
98 -4
96 -4
95 -4
95 -3
96 -3
97 -3
97 -2
96 -2
95 -2
95 -1
94 -2
94 -1
94 -4
93 -4
93 -3
94 -3
92 -3
92 -2
93 -2
92 -4
91 -4
91 -3
91 -2
90 -2
89 -2
89 -1
90 -1
91 -1
92 -1
93 -1
93 0
94 0
91 0
92 0
90 0
90 1
89 1
88 1
87 1
86 1
89 0
90 -3
90 -4
89 -4
89 -3
90 -5
89 -5
89 -6
90 -6
91 -6
90 -7
90 -8
88 -6
88 -5
87 -5
86 -5
86 -6
87 -6
87 -7
88 -7
85 -6
85 -5
85 -4
84 -4
84 -5
84 -6
84 -7
84 -8
89 -7
89 -8
89 -9
88 -9
87 -9
86 -9
86 -8
86 -7
85 -7
85 -8
85 -9
91 -5
94 -5
95 -5
93 -5
93 -6
94 -6
94 -7
92 -6
92 -5
94 2
95 2
96 2
96 1
94 3
95 3
96 3
97 3
97 4
98 4
98 3
99 3
96 4
96 5
95 5
94 5
93 5
93 4
92 4
92 3
86 4
87 4
87 5
86 5
86 2
84 4
85 4
84 1
83 1
83 0
84 0
82 0
82 1
81 0
81 -1
81 -2
80 -2
79 -2
83 3
83 4
81 2
80 1
81 1
76 1
75 1
74 1
75 0
76 0
76 -1
75 -1
74 -1
74 0
73 0
72 0
71 0
70 0
70 1
71 1
72 1
71 2
69 1
70 -1
69 -1
68 -1
68 -2
69 -2
70 -2
71 -2
72 -2
73 -2
74 -2
74 -3
73 -3
72 -1
73 -1
71 -3
72 -3
70 -3
69 -3
68 -3
68 -4
67 -4
67 -3
66 -3
66 -2
67 -2
66 -1
67 -1
67 0
68 0
66 0
66 1
75 -2
79 10
80 10
78 10
76 11
75 11
74 11
73 10
73 11
73 12
74 12
74 13
75 13
74 14
75 14
76 14
76 13
75 15
73 14
73 13
72 13
71 13
71 14
71 12
71 11
72 12
72 11
73 9
72 8
72 9
72 10
71 10
71 9
71 8
71 7
72 7
71 6
67 7
67 8
66 7
67 13
67 14
67 15
68 15
68 16
68 14
66 15
66 16
67 16
66 14
66 13
65 13
65 14
65 15
63 12
59 10
57 10
56 10
56 11
56 12
57 12
58 12
59 12
59 13
60 13
60 14
61 14
62 14
60 15
60 16
59 16
59 14
58 14
58 13
57 13
56 13
56 14
57 14
55 14
55 13
56 8
55 8
55 7
56 7
54 9
54 10
53 10
52 10
52 11
51 11
51 12
51 13
50 11
50 12
50 13
50 14
51 10
51 9
50 9
49 9
50 8
51 8
52 8
52 9
53 9
53 8
53 7
53 6
52 6
52 7
51 7
50 7
49 7
49 8
48 8
48 7
47 7
47 6
48 6
48 5
47 5
48 4
48 3
47 3
47 2
48 2
47 1
48 1
46 6
49 6
49 5
49 4
51 6
50 6
52 5
54 8
54 7
54 6
54 5
53 5
49 15
53 14
54 18
50 18
49 18
49 19
49 20
48 19
48 18
47 18
48 17
47 17
49 17
50 17
49 16
49 22
47 26
47 25
47 24
48 24
48 25
48 23
48 22
47 23
46 23
45 23
45 24
44 23
44 24
43 24
44 22
45 22
45 21
44 21
44 20
45 20
46 20
46 21
47 21
48 21
47 22
47 20
47 19
46 19
45 19
43 20
43 21
42 21
42 20
41 20
46 22
53 30
53 31
54 31
55 31
56 31
53 32
53 33
54 33
55 33
56 33
56 32
57 32
58 32
59 32
57 31
58 31
59 31
60 31
61 31
62 31
63 31
64 31
64 32
63 32
62 32
62 33
62 34
62 35
61 33
61 32
60 32
64 30
65 30
65 31
66 31
66 32
67 32
67 33
68 33
67 31
68 31
68 32
68 30
67 30
66 30
66 29
66 28
67 28
68 28
69 28
68 29
67 29
63 30
62 30
61 30
60 30
59 30
58 30
58 29
59 29
57 30
57 29
56 29
53 34
53 35
54 35
52 32
52 33
52 31
52 30
51 30
50 30
50 31
51 31
49 31
49 32
49 33
50 33
48 33
48 34
49 34
50 34
47 33
47 34
46 34
45 34
45 35
46 35
47 35
46 36
47 36
46 37
45 37
45 36
44 35
44 36
46 33
48 32
47 32
46 32
45 32
47 31
48 31
46 31
45 31
44 31
50 28
44 28
43 30
42 30
42 31
43 31
43 32
43 33
44 33
45 33
44 32
43 34
43 35
43 36
42 36
42 37
42 38
41 37
40 37
40 38
40 39
41 39
39 39
39 38
38 38
37 38
36 38
36 39
36 40
35 40
35 38
35 39
34 39
33 39
34 38
33 38
35 37
36 37
37 37
38 37
37 36
37 35
38 35
38 36
39 36
39 37
39 35
39 34
38 34
37 34
37 33
36 33
36 34
36 35
35 35
34 35
34 36
35 36
36 36
34 34
37 32
38 32
39 32
40 32
37 31
38 31
39 31
36 31
36 32
35 31
35 32
35 33
35 34
34 33
34 32
34 31
34 30
35 30
35 29
36 29
36 28
37 28
35 28
33 30
33 31
36 30
37 30
38 30
38 29
39 29
40 29
40 30
41 30
40 31
40 28
40 27
39 27
39 26
38 26
37 26
37 25
39 25
39 28
38 28
38 27
37 29
39 33
40 33
41 33
42 35
41 35
40 35
40 36
40 34
41 34
42 34
42 33
41 31
41 32
41 29
41 25
41 27
40 23
41 23
41 24
42 24
38 22
37 22
37 21
38 21
39 21
39 20
41 18
40 18
39 18
39 17
38 17
38 18
38 19
38 20
37 19
37 20
37 18
37 17
36 17
36 16
37 16
38 16
38 15
39 15
39 14
38 14
37 14
37 13
35 16
35 17
35 18
34 18
33 18
33 19
32 19
32 18
31 18
30 18
30 19
31 19
31 20
30 20
29 20
29 21
29 22
30 22
31 22
32 22
32 21
33 21
34 21
34 22
35 22
36 22
35 23
35 24
35 21
35 20
36 20
36 21
34 20
33 20
32 20
35 19
36 19
33 22
33 23
34 23
31 21
30 23
30 21
29 23
28 23
27 23
26 23
25 23
25 24
24 24
23 24
23 25
23 26
23 27
24 27
24 26
25 26
23 28
24 28
25 28
25 29
25 30
24 30
24 29
22 27
22 28
22 29
22 30
23 30
22 31
21 30
21 31
21 32
21 33
22 33
22 32
21 34
22 34
23 34
23 33
23 32
21 35
21 36
21 37
21 38
22 38
23 38
23 39
24 39
24 40
25 40
26 40
27 40
28 40
29 40
29 41
28 41
28 42
28 43
29 43
29 44
30 44
31 44
30 45
31 45
32 45
33 45
33 46
34 46
34 47
35 47
34 45
35 45
35 44
36 44
37 44
37 45
38 45
36 45
36 46
37 46
35 46
37 43
38 43
39 43
40 43
40 44
40 45
41 45
42 45
42 46
42 47
41 47
41 48
41 46
40 46
39 46
39 47
40 47
40 48
39 48
39 49
38 47
38 46
39 45
39 44
40 42
39 42
39 41
38 41
38 42
37 42
38 40
39 40
37 40
37 41
36 43
36 42
35 42
34 42
34 43
35 43
33 43
33 44
32 44
33 42
34 44
32 46
32 47
30 46
31 46
31 47
31 48
32 48
31 49
30 49
30 48
30 47
29 45
29 46
28 45
29 42
30 42
28 44
27 43
27 44
27 42
26 42
27 41
29 39
30 39
31 39
32 39
32 38
31 38
31 37
32 37
33 37
33 36
33 35
32 35
32 36
31 35
32 34
33 34
33 33
32 33
33 32
30 38
29 38
28 38
28 39
27 39
27 38
26 38
25 38
24 38
24 37
25 37
26 37
27 37
27 36
28 36
28 37
29 37
30 37
30 36
30 35
28 35
29 35
27 35
26 35
26 36
26 41
25 41
26 39
25 39
24 41
23 40
22 39
21 39
21 40
22 40
20 39
20 40
20 41
20 42
19 40
19 41
19 39
18 39
17 39
17 40
18 40
18 41
18 42
17 42
16 42
15 42
15 43
16 43
17 43
17 44
18 44
18 45
19 45
20 45
20 46
21 46
20 47
21 47
19 46
18 43
19 43
19 44
20 44
16 44
14 43
14 44
14 45
15 45
16 45
17 45
16 46
17 46
15 46
15 47
15 41
16 41
17 41
16 40
15 40
14 40
14 41
14 42
13 42
13 43
13 44
16 39
15 39
14 39
14 38
16 38
17 38
18 38
15 38
16 37
17 37
18 37
16 36
15 36
15 35
15 34
16 35
20 38
22 37
23 37
23 36
24 36
25 36
22 36
22 35
20 35
20 36
20 37
19 36
19 37
19 38
18 36
17 36
20 34
20 32
19 32
18 32
18 33
18 34
18 35
19 35
19 34
19 33
17 35
18 31
19 31
20 31
20 30
20 29
19 29
19 30
18 30
17 30
17 31
17 32
16 32
16 33
17 33
17 34
16 34
15 33
14 33
13 33
13 34
13 35
12 34
12 35
12 33
13 32
13 31
14 31
14 32
14 30
13 30
13 29
14 29
15 29
15 30
15 31
16 31
16 30
15 32
14 28
15 28
13 28
14 27
15 27
15 26
15 25
16 25
14 25
13 25
13 26
14 26
13 27
13 24
12 24
11 24
11 25
10 25
10 26
13 23
14 23
15 23
16 23
16 24
15 24
16 22
17 22
17 21
18 21
19 21
20 21
19 22
19 23
19 24
20 24
20 25
21 25
20 26
19 26
18 26
17 26
17 27
18 27
17 25
17 24
17 23
18 23
18 22
18 25
19 25
20 23
16 21
15 21
15 22
14 22
14 21
13 21
14 20
15 20
16 20
17 20
15 19
13 20
13 19
14 19
13 18
14 18
13 17
14 17
15 17
16 17
16 18
17 18
18 18
18 19
17 19
18 17
19 17
20 17
20 18
20 19
19 19
19 20
20 20
21 20
22 20
23 20
23 19
22 19
22 18
23 18
21 18
21 17
21 16
22 16
22 17
20 16
20 15
21 21
22 21
23 21
24 21
25 21
25 20
26 20
24 20
25 19
24 19
24 22
24 23
23 22
23 23
22 22
22 23
21 23
21 22
21 19
19 18
19 16
17 17
17 16
18 16
16 19
15 18
12 17
11 17
10 17
13 16
12 16
11 16
12 15
11 15
12 23
14 24
17 29
17 28
18 29
19 28
19 27
20 27
20 28
21 28
21 27
22 25
22 24
21 24
27 22
28 22
28 21
27 21
26 21
26 22
25 22
28 20
29 19
28 19
27 19
27 20
26 19
26 18
25 18
25 17
26 17
27 17
28 17
29 17
29 18
28 18
27 18
26 16
27 16
26 15
26 14
24 17
24 18
24 16
25 16
25 15
25 14
24 14
23 16
23 17
24 15
30 17
31 17
32 17
33 17
33 16
32 16
31 16
30 16
29 16
28 16
30 15
31 15
32 15
31 14
34 17
40 17
41 17
39 13
38 11
37 11
37 12
36 10
36 11
36 12
36 13
35 13
35 12
35 11
35 10
37 8
37 7
34 9
34 10
33 9
33 10
33 11
34 11
34 12
34 7
35 7
34 6
33 6
33 5
32 5
31 5
30 5
30 6
31 6
31 7
29 6
29 5
29 4
30 4
28 4
28 5
28 6
28 7
27 4
33 4
32 4
31 4
33 3
32 3
33 2
34 5
34 4
33 7
32 7
32 6
28 8
27 8
27 9
28 9
28 10
28 11
27 11
26 11
27 10
26 9
25 9
25 10
25 8
24 8
24 9
24 10
24 11
24 7
26 8
26 7
25 7
25 6
26 6
27 6
27 5
26 5
24 6
24 5
24 4
29 7
30 7
31 9
32 9
31 13
32 13
33 13
34 13
34 14
33 14
33 15
32 14
33 12
30 13
29 13
28 13
26 13
27 13
25 13
24 13
23 11
23 10
22 13
23 13
22 14
22 15
21 14
21 15
21 13
20 13
20 14
19 14
18 14
18 13
19 13
17 13
17 14
16 13
16 12
17 12
16 11
16 10
17 10
18 12
19 12
19 11
19 10
18 11
17 11
22 8
21 8
21 7
21 6
20 6
19 6
19 7
20 5
19 9
17 8
16 8
16 7
17 7
16 6
17 6
17 5
18 5
19 5
19 4
19 3
18 3
18 4
18 2
18 6
15 6
15 8
11 11
10 11
10 12
10 13
10 14
11 14
11 13
9 11
9 12
9 13
9 14
9 15
9 16
9 17
8 17
7 17
6 17
6 18
5 18
4 18
5 17
4 17
5 16
6 16
7 16
6 15
5 15
5 14
4 14
4 13
6 14
6 13
7 13
7 14
8 14
8 13
7 15
5 13
4 16
4 15
3 15
3 14
8 16
8 15
8 12
9 10
10 10
10 9
9 9
8 9
7 9
7 10
7 11
6 9
7 8
8 10
8 11
11 10
10 7
11 7
9 7
9 6
10 6
10 5
10 4
10 3
9 5
9 4
8 4
7 4
9 3
9 2
10 2
11 2
11 3
11 4
9 1
10 1
10 0
8 1
8 2
8 3
7 3
6 3
5 3
5 4
4 4
4 5
4 3
3 3
4 2
4 1
5 2
6 2
7 2
7 1
6 1
5 1
7 0
7 -1
8 -1
9 -1
10 -1
10 -2
9 -2
9 -3
10 -3
10 -4
9 0
8 0
6 -1
6 0
5 0
4 0
4 -1
5 -1
4 -2
4 -3
6 -2
7 -2
8 -2
8 -3
7 -3
7 -4
5 -2
5 -3
6 -3
6 -4
6 -5
7 -5
8 -5
9 -5
9 -6
8 -6
9 -7
8 -7
7 -7
8 -4
6 -6
7 7
6 7
8 5
7 5
6 5
5 7
4 7
4 8
5 8
6 8
5 9
3 8
2 8
2 9
2 10
2 11
3 11
4 11
5 11
5 10
6 10
4 10
3 10
3 12
4 12
3 13
2 12
1 10
1 11
1 9
1 8
0 8
0 9
0 7
-1 7
-2 7
-2 8
-1 8
-2 6
-1 6
1 7
2 7
3 7
2 6
3 4
1 6
0 6
0 5
1 3
0 3
1 2
-2 4
-3 4
-5 3
-6 3
-5 1
-5 2
-3 -1
-2 -1
-1 -1
0 -1
-2 -2
-1 -2
-1 -3
0 -3
0 -2
1 -2
0 -4
-1 -4
-2 -4
-3 -4
-4 -4
-4 -3
-4 -2
-3 -2
-3 -3
-2 -3
-5 -3
-6 -3
-7 -3
-7 -2
-6 -2
-7 -1
-7 -4
-6 -4
-5 -4
-6 -5
-7 -5
-8 -5
-6 -6
-5 -6
-5 -7
-4 -7
-3 -7
-3 -6
-2 -6
-1 -6
-1 -5
0 -5
-2 -5
-3 -5
-4 -5
-2 -7
-4 -6
-4 -8
-3 -8
-3 -9
-2 -9
-1 -9
-2 -10
-1 -10
0 -10
-3 -10
-4 -10
-4 -9
-5 -9
-6 -9
-6 -8
-5 -10
-5 -11
-6 -11
-7 -11
-8 -11
-9 -11
-5 -12
-4 -12
-3 -12
-3 -13
-4 -13
-5 -13
-4 -14
-3 -14
-4 -15
-5 -15
-5 -14
-6 -14
-6 -13
-6 -12
-7 -13
-8 -13
-8 -12
-9 -12
-10 -12
-10 -11
-11 -11
-11 -12
-11 -13
-10 -13
-9 -13
-9 -14
-8 -14
-7 -14
-10 -14
-11 -14
-11 -15
-11 -16
-12 -16
-12 -15
-12 -14
-13 -15
-14 -15
-14 -14
-14 -13
-15 -14
-15 -13
-15 -12
-16 -12
-16 -11
-15 -11
-15 -10
-16 -10
-16 -14
-15 -15
-13 -16
-10 -15
-9 -15
-10 -16
-9 -16
-9 -17
-5 -16
-4 -16
-3 -16
-3 -15
-3 -17
-3 -18
-2 -18
-1 -18
-1 -17
0 -17
0 -16
1 -16
1 -15
1 -14
2 -14
2 -15
3 -15
4 -15
4 -16
3 -16
2 -16
2 -17
1 -17
1 -18
1 -19
1 -20
2 -20
3 -20
3 -19
3 -21
2 -21
1 -21
2 -19
2 -18
0 -20
-1 -20
-1 -19
0 -19
0 -18
-2 -19
-3 -19
-4 -19
-4 -18
-2 -20
4 -17
3 -17
3 -18
4 -18
4 -19
4 -20
4 -21
5 -21
5 -20
1 -13
2 -13
2 -12
0 -15
0 -14
-1 -15
-1 -14
-1 -13
0 -13
-1 -12
0 -12
0 -11
1 -11
2 -11
1 -10
2 -10
3 -10
4 -10
5 -10
6 -10
7 -10
7 -9
7 -8
6 -8
7 -11
5 -9
5 -8
4 -8
4 -7
5 -7
6 -7
4 -6
4 -5
4 -4
3 -8
2 -8
2 -7
3 -7
3 -6
3 -5
3 -4
2 -6
2 -5
1 -6
1 -5
1 -7
1 -8
1 -9
0 -9
5 -11
5 -12
6 -12
7 -12
8 -12
9 -12
8 -11
8 -13
9 -13
10 -13
11 -13
12 -13
12 -12
12 -11
13 -11
14 -11
14 -12
15 -12
16 -12
16 -11
17 -11
17 -10
16 -10
16 -9
15 -9
15 -10
14 -10
14 -9
13 -10
13 -9
12 -10
12 -9
11 -9
11 -8
11 -7
12 -7
12 -6
10 -8
10 -7
10 -6
10 -9
10 -10
11 -10
15 -11
17 -12
18 -12
18 -13
17 -13
17 -14
18 -14
15 -13
14 -13
13 -13
13 -12
11 -11
10 -11
12 -14
13 -14
12 -15
13 -15
13 -16
13 -17
12 -17
12 -16
11 -15
11 -14
10 -14
9 -14
10 -15
9 -15
11 -16
10 -12
4 -9
3 -9
2 -9
3 -11
4 -11
-1 -11
-2 -11
-2 -12
-2 -13
-1 -16
-2 -16
-2 -17
-4 -17
-5 -17
-5 -18
-6 -18
-6 -17
-6 -16
-4 -11
-3 -11
-5 -8
-6 -7
-7 -6
-7 -7
-8 -7
-8 -6
-9 -6
-9 -7
-10 -7
-11 -7
-11 -8
-10 -8
-10 -9
-9 -9
-9 -10
-8 -10
-7 -10
-6 -10
-11 -9
-10 -10
-11 -10
-8 -4
-8 -3
-8 -2
-9 -3
-9 -2
-9 -1
-10 -1
-10 0
-9 0
-8 0
-7 0
-6 0
-5 0
-6 1
-6 -1
-7 1
-7 2
-6 2
-7 3
-8 2
-8 1
-10 1
-10 2
-11 2
-11 3
-11 4
-12 2
-12 3
-12 4
-12 5
-11 5
-12 6
-12 7
-12 8
-11 8
-11 9
-10 9
-10 8
-10 7
-11 7
-11 6
-10 6
-9 6
-9 7
-9 8
-8 8
-7 8
-6 8
-5 8
-5 9
-4 9
-3 9
-3 10
-2 10
-1 10
0 10
-2 9
-3 11
-4 11
-5 11
-4 10
-5 10
-6 10
-6 11
-6 12
-5 12
-4 12
-4 13
-3 13
-3 12
-2 12
-1 12
-5 13
-6 13
-6 9
-5 7
-6 7
-7 7
-7 6
-6 6
-6 5
-8 6
-8 7
-8 5
-7 5
-7 4
-9 5
-10 5
-7 9
-7 10
-7 11
-7 12
-7 13
-8 12
-8 13
-8 14
-9 12
-9 13
-9 14
-10 12
-10 13
-10 14
-11 14
-12 14
-11 13
-12 13
-13 13
-13 14
-14 13
-13 12
-12 12
-11 12
-14 12
-14 11
-13 11
-12 11
-11 11
-10 11
-9 11
-8 11
-12 9
-13 5
-13 4
-13 3
-12 1
-11 1
-11 0
-11 -1
-12 -1
-12 0
-13 -1
-14 -1
-14 0
-12 -2
-9 -4
-10 -4
-10 -3
-10 -2
-11 -3
-12 -3
-11 -4
-12 -4
-9 -5
