4890
0 0
0 1
-1 1
-1 2
-1 3
0 3
1 3
1 4
2 4
2 3
3 3
4 3
4 2
4 1
4 0
5 0
5 1
6 1
6 0
7 0
8 0
9 0
9 -1
10 -1
11 -1
12 -1
12 -2
11 -2
10 -2
10 -3
11 -3
9 -3
10 -4
11 -4
12 -4
13 -4
14 -4
15 -4
16 -4
16 -3
15 -3
15 -2
16 -2
15 -1
14 -2
13 -2
15 -5
15 -6
14 -5
13 -5
12 -5
11 -5
11 -6
12 -6
12 -7
13 -7
14 -7
14 -6
13 -6
13 -8
14 -8
15 -8
16 -8
15 -9
16 -9
17 -9
17 -8
17 -10
16 -10
15 -10
15 -11
14 -11
14 -10
13 -10
12 -10
12 -9
12 -8
11 -10
10 -10
10 -9
11 -9
9 -10
9 -9
9 -11
10 -11
11 -11
11 -12
10 -12
9 -12
9 -13
10 -13
10 -14
9 -14
9 -15
10 -15
11 -15
11 -14
12 -14
12 -13
11 -13
12 -15
12 -16
11 -16
11 -17
12 -17
13 -17
14 -17
15 -17
15 -16
14 -16
13 -16
13 -15
13 -14
13 -13
14 -13
14 -18
14 -19
13 -18
12 -18
12 -19
11 -19
11 -18
10 -19
12 -20
12 -21
13 -21
10 -16
10 -17
10 -18
9 -18
8 -18
8 -17
9 -17
9 -16
8 -16
7 -16
7 -15
6 -16
6 -15
6 -14
7 -14
7 -13
8 -13
5 -14
5 -13
6 -13
5 -12
6 -12
7 -12
8 -12
8 -11
8 -10
8 -9
7 -11
4 -12
4 -13
3 -13
3 -12
2 -12
2 -11
2 -10
2 -9
3 -9
4 -9
5 -9
6 -9
6 -8
6 -7
6 -6
7 -6
7 -7
8 -7
8 -6
9 -6
10 -6
10 -5
9 -7
10 -7
11 -7
8 -5
7 -5
7 -4
6 -5
5 -7
5 -6
5 -5
5 -4
6 -4
6 -3
5 -3
4 -3
4 -4
3 -4
3 -3
3 -2
4 -2
5 -2
5 -1
6 -1
4 -1
2 -2
2 -1
2 0
2 1
1 -2
1 -1
1 0
0 -1
0 -2
-1 -2
-1 -1
-1 0
-2 -1
-2 0
-3 0
-2 -2
-3 -2
-3 -1
-4 -2
-5 -2
-6 -2
-5 -3
-5 -4
-4 -4
-4 -3
-3 -3
-5 -5
-4 -5
-4 -6
-5 -6
-2 -3
2 -3
1 -3
0 -3
-1 -3
2 -4
1 -4
2 -5
2 -6
1 -6
1 -7
0 -7
0 -6
0 -5
0 -4
-1 -4
-1 -5
-2 -5
-2 -4
-2 -6
-1 -6
-1 -7
-3 -6
-3 -5
-3 -7
-2 -7
0 -8
4 -5
3 -5
4 -6
3 -6
4 -7
3 -7
2 -7
3 -8
4 -8
5 -8
5 -10
4 -10
5 -11
2 -8
1 -10
1 -9
1 -8
0 -9
0 -10
0 -11
1 -12
0 -12
-1 -12
-2 -12
-2 -11
-2 -10
-2 -9
-1 -9
-2 -8
-3 -8
-4 -8
-5 -8
-5 -7
-4 -7
-6 -7
-6 -6
-6 -5
-7 -7
-7 -6
-7 -5
-7 -4
-7 -3
-8 -3
-8 -4
-9 -4
-9 -3
-9 -2
-8 -2
-8 -1
-7 -1
-6 -1
-5 -1
-5 0
-7 -2
-8 0
-7 0
-6 0
-6 1
-8 1
-7 1
-7 2
-9 -1
-9 0
-10 -1
-10 0
-10 -2
-8 -6
-8 -5
-9 -5
-10 -5
-11 -5
-12 -5
-12 -6
-11 -6
-11 -7
-12 -7
-13 -7
-13 -6
-13 -8
-12 -8
-11 -8
-10 -8
-10 -7
-11 -9
-10 -9
-9 -9
-9 -10
-8 -10
-7 -10
-7 -11
-6 -11
-5 -11
-5 -10
-5 -12
-4 -12
-5 -13
-4 -13
-5 -14
-5 -15
-4 -15
-6 -15
-7 -15
-7 -14
-7 -13
-7 -12
-6 -12
-8 -12
-8 -11
-9 -12
-10 -12
-10 -11
-9 -11
-10 -10
-11 -12
-12 -12
-13 -12
-13 -11
-12 -11
-13 -13
-14 -13
-15 -13
-15 -12
-16 -12
-16 -11
-15 -11
-14 -11
-14 -12
-16 -13
-16 -14
-15 -14
-14 -14
-13 -14
-13 -15
-14 -15
-17 -14
-17 -13
-18 -13
-18 -12
-17 -12
-18 -14
-16 -15
-17 -15
-18 -15
-17 -16
-17 -17
-16 -17
-15 -17
-14 -17
-14 -18
-13 -18
-13 -19
-13 -20
-12 -20
-11 -20
-12 -21
-11 -21
-10 -21
-14 -20
-14 -19
-15 -19
-15 -20
-16 -20
-13 -21
-13 -22
-12 -22
-11 -22
-10 -22
-12 -23
-11 -23
-11 -24
-12 -24
-13 -24
-13 -25
-12 -25
-12 -26
-11 -26
-14 -25
-14 -26
-14 -27
-13 -27
-12 -27
-11 -27
-10 -27
-9 -27
-8 -27
-7 -27
-6 -27
-6 -28
-5 -28
-7 -28
-7 -29
-8 -29
-8 -30
-9 -30
-9 -31
-10 -31
-10 -30
-10 -32
-11 -32
-11 -31
-12 -31
-12 -30
-11 -30
-11 -29
-12 -29
-12 -28
-13 -30
-13 -29
-14 -29
-14 -28
-13 -28
-14 -30
-14 -31
-14 -32
-14 -33
-13 -31
-13 -32
-12 -32
-11 -33
-10 -33
-10 -34
-9 -34
-9 -33
-8 -33
-11 -34
-12 -34
-12 -33
-13 -33
-12 -35
-11 -35
-10 -35
-7 -30
-6 -30
-5 -30
-5 -29
-4 -29
-4 -28
-4 -27
-3 -27
-2 -27
-1 -27
0 -27
1 -27
2 -27
3 -27
3 -26
4 -26
5 -26
5 -27
4 -27
3 -25
3 -24
2 -24
2 -23
2 -22
3 -22
3 -21
2 -21
2 -20
1 -21
0 -21
0 -20
1 -20
0 -19
0 -18
0 -17
1 -17
2 -17
3 -17
1 -16
2 -16
3 -16
1 -15
0 -15
-1 -15
-1 -14
0 -14
1 -14
2 -14
3 -14
3 -15
2 -15
2 -13
-1 -13
-2 -13
-2 -14
-3 -14
-4 -14
-3 -15
-2 -15
-2 -16
-1 -16
0 -16
-1 -17
-3 -16
-4 -16
-3 -17
-4 -17
-4 -18
-3 -18
-2 -18
-2 -17
-2 -19
-1 -19
-1 -20
-1 -21
-1 -22
0 -22
1 -22
-1 -23
0 -23
-2 -23
-2 -22
-2 -21
-2 -20
-3 -20
-4 -20
-5 -20
-5 -19
-4 -19
-3 -19
-5 -18
-5 -17
-5 -16
-6 -17
-6 -16
-6 -18
-6 -19
-6 -20
-6 -21
-5 -21
-4 -21
-4 -22
-3 -22
-3 -21
-3 -23
-4 -23
-5 -23
-5 -24
-5 -25
-2 -24
-1 -24
0 -24
1 -24
1 -25
0 -25
0 -26
-1 -26
-1 -25
-2 -25
3 -23
4 -23
2 -26
1 -26
2 -28
-1 -28
0 -28
-3 -28
-4 -26
-3 -26
-3 -25
-3 -24
-4 -25
-5 -26
-4 -30
-5 -31
-6 -31
-7 -31
-8 -31
-7 -32
-6 -32
-6 -29
-7 -26
-8 -26
-8 -25
-9 -26
-10 -26
-10 -25
-10 -24
-8 -28
-9 -28
-9 -29
-10 -29
-11 -28
-15 -27
-15 -26
-16 -26
-13 -23
-15 -18
-16 -18
-16 -16
-10 -13
-9 -13
-9 -14
-10 -14
-8 -13
-8 -14
-8 -15
-9 -15
-10 -15
-10 -16
-9 -16
-8 -16
-7 -16
-9 -17
-10 -17
-11 -17
-12 -17
-10 -18
-9 -18
-11 -18
-10 -19
-9 -19
-8 -19
-7 -19
-7 -18
-8 -18
-8 -20
-7 -20
-7 -21
-7 -22
-8 -22
-8 -23
-9 -20
-11 -19
-11 -16
-11 -15
-11 -14
-12 -14
-12 -13
-11 -13
-12 -15
-6 -10
-6 -9
-5 -9
-4 -9
-3 -9
-8 -9
-7 -9
-7 -8
-8 -8
-8 -7
-11 -10
-12 -9
-6 -8
1 -13
4 -14
4 -15
4 -16
5 -15
6 -17
6 -18
7 -18
7 -17
5 -18
5 -17
5 -16
4 -17
4 -18
5 -19
6 -19
7 -19
8 -19
8 -20
8 -21
9 -21
7 -21
7 -22
7 -23
6 -23
6 -22
6 -21
5 -21
5 -20
6 -24
7 -24
8 -24
7 -25
7 -26
8 -26
8 -25
8 -27
9 -27
9 -26
10 -26
9 -25
9 -24
10 -24
10 -23
9 -23
9 -22
10 -22
11 -22
11 -21
11 -20
10 -20
11 -23
12 -23
13 -23
14 -23
14 -22
15 -22
16 -22
16 -23
15 -23
15 -24
14 -24
15 -25
15 -26
14 -26
15 -27
15 -28
16 -28
14 -21
13 -22
12 -22
10 -21
8 -23
8 -22
10 -25
9 -28
10 -28
10 -27
11 -27
12 -27
13 -27
13 -26
13 -25
14 -25
12 -25
12 -26
11 -26
11 -25
12 -28
11 -28
11 -29
8 -28
7 -28
7 -29
8 -29
6 -29
6 -28
6 -27
7 -27
6 -26
6 -30
7 -30
8 -30
9 -30
10 -30
11 -30
12 -30
12 -29
13 -29
14 -29
15 -29
14 -30
15 -30
16 -30
16 -29
17 -29
17 -30
18 -30
19 -30
20 -30
20 -29
21 -29
22 -29
22 -30
23 -30
24 -30
24 -31
25 -31
25 -32
24 -32
23 -29
24 -29
25 -29
24 -28
23 -28
23 -31
22 -31
22 -32
22 -33
21 -33
21 -32
21 -31
21 -30
21 -34
20 -34
20 -33
20 -32
20 -31
19 -31
19 -32
20 -35
21 -35
21 -28
22 -28
21 -27
22 -27
23 -27
24 -27
25 -27
25 -26
25 -25
24 -25
23 -25
23 -24
24 -24
25 -24
25 -23
24 -23
24 -22
24 -21
23 -23
23 -26
24 -26
25 -28
22 -26
22 -25
22 -24
21 -24
21 -26
21 -25
20 -25
20 -24
19 -24
19 -25
18 -25
19 -26
19 -27
18 -27
18 -26
17 -26
16 -26
16 -25
17 -25
17 -27
16 -27
17 -28
19 -28
20 -28
19 -29
18 -29
18 -31
18 -32
18 -33
19 -33
19 -34
18 -34
17 -34
16 -34
16 -35
17 -35
17 -36
18 -36
19 -36
20 -36
21 -36
22 -36
22 -35
23 -35
24 -35
24 -34
23 -34
23 -33
24 -33
23 -36
23 -37
22 -37
21 -37
20 -37
20 -38
21 -38
22 -38
23 -38
24 -38
24 -39
19 -38
18 -38
18 -37
17 -37
16 -37
17 -38
17 -39
18 -39
16 -39
16 -38
15 -38
14 -38
14 -39
13 -39
13 -38
13 -37
13 -36
12 -36
12 -35
13 -35
14 -35
15 -35
15 -34
14 -34
15 -36
14 -36
14 -37
15 -37
11 -36
11 -35
11 -34
10 -34
9 -34
11 -37
10 -37
10 -36
10 -35
9 -37
9 -36
8 -36
8 -35
9 -35
7 -36
7 -35
7 -34
7 -33
8 -33
9 -33
7 -32
8 -32
8 -31
9 -31
10 -31
11 -31
12 -31
13 -31
14 -31
14 -32
14 -33
15 -33
13 -33
13 -34
13 -30
10 -32
7 -31
6 -32
6 -35
6 -34
5 -34
5 -35
6 -36
6 -37
7 -37
8 -37
10 -38
9 -38
8 -38
7 -38
6 -38
8 -39
9 -39
10 -39
10 -40
8 -40
11 -38
12 -37
12 -38
12 -39
12 -40
12 -41
16 -40
15 -40
14 -40
14 -41
15 -41
16 -41
16 -42
17 -42
18 -42
19 -42
20 -42
20 -41
21 -41
21 -40
21 -39
20 -40
19 -40
19 -39
19 -41
19 -43
20 -43
20 -44
20 -45
21 -45
21 -44
20 -46
21 -46
22 -46
23 -46
24 -46
24 -45
24 -44
25 -44
25 -45
26 -45
27 -45
28 -45
28 -44
29 -44
28 -43
29 -43
28 -42
28 -41
29 -41
30 -41
30 -42
30 -43
28 -40
29 -40
27 -40
27 -39
28 -39
29 -39
30 -39
31 -39
32 -39
33 -39
34 -39
35 -39
35 -38
36 -38
34 -38
33 -38
33 -37
34 -37
35 -37
35 -36
35 -35
34 -36
33 -36
32 -38
31 -38
35 -40
34 -40
31 -40
32 -40
30 -40
26 -39
26 -38
27 -38
28 -38
29 -38
25 -38
25 -37
25 -39
25 -40
24 -40
23 -40
22 -40
22 -39
23 -39
26 -40
27 -41
26 -41
26 -42
27 -42
27 -43
27 -44
26 -44
26 -43
28 -46
29 -46
30 -46
31 -46
30 -45
30 -47
29 -47
28 -47
26 -46
27 -46
25 -46
25 -47
26 -47
27 -47
27 -48
28 -48
29 -48
27 -49
26 -49
26 -48
25 -49
24 -49
27 -50
28 -50
29 -50
29 -49
29 -51
30 -51
30 -52
31 -52
31 -51
31 -50
32 -50
31 -53
32 -53
33 -53
34 -53
34 -54
35 -54
36 -54
37 -54
37 -55
36 -55
36 -56
37 -56
37 -57
38 -57
39 -57
40 -57
40 -56
39 -56
39 -55
39 -54
39 -53
40 -53
41 -53
42 -53
43 -53
43 -52
42 -52
41 -52
41 -51
43 -54
42 -54
39 -52
38 -53
37 -53
36 -53
35 -53
38 -56
38 -55
38 -58
38 -59
38 -60
39 -60
39 -61
40 -61
41 -61
41 -60
42 -60
43 -60
44 -60
45 -60
46 -60
46 -59
47 -59
48 -59
48 -60
47 -60
47 -61
47 -62
48 -62
49 -62
49 -61
50 -61
50 -62
50 -63
51 -63
51 -62
51 -64
50 -64
49 -64
49 -63
49 -60
50 -60
50 -59
49 -59
48 -61
46 -62
45 -62
45 -63
44 -63
44 -62
44 -61
43 -62
42 -62
42 -61
41 -62
41 -63
40 -63
40 -62
39 -62
38 -62
37 -62
37 -61
37 -60
37 -59
36 -60
36 -59
36 -58
37 -58
35 -58
35 -59
35 -60
34 -60
34 -59
33 -60
32 -60
32 -59
33 -59
33 -58
34 -58
34 -57
35 -57
36 -57
34 -56
35 -56
35 -55
33 -57
31 -60
31 -59
31 -58
32 -58
32 -57
32 -56
32 -55
33 -55
31 -56
31 -55
31 -54
30 -54
31 -57
30 -58
32 -61
31 -61
30 -61
30 -60
30 -59
29 -59
29 -58
28 -59
27 -59
27 -58
28 -58
27 -57
28 -57
26 -57
25 -57
24 -57
23 -57
23 -56
22 -57
25 -58
24 -58
25 -59
26 -59
24 -59
23 -59
23 -58
22 -59
22 -58
24 -60
25 -60
26 -58
27 -60
28 -60
29 -60
29 -61
28 -61
26 -60
30 -62
29 -62
30 -63
29 -63
30 -64
31 -64
31 -65
32 -65
29 -64
28 -64
30 -65
29 -65
31 -62
31 -63
32 -63
33 -63
34 -63
35 -63
32 -62
32 -64
33 -64
33 -65
33 -66
34 -66
34 -67
32 -66
35 -61
35 -62
36 -62
36 -61
36 -63
36 -64
37 -64
35 -64
40 -64
39 -64
39 -65
40 -65
41 -65
42 -65
43 -65
44 -65
45 -65
45 -66
46 -66
47 -66
47 -65
47 -64
47 -67
46 -67
46 -68
47 -68
48 -68
49 -68
49 -67
48 -67
48 -69
49 -69
47 -69
47 -70
48 -70
48 -71
47 -71
46 -70
45 -70
45 -69
45 -68
44 -69
44 -68
44 -67
45 -71
46 -71
45 -72
46 -72
47 -72
48 -72
48 -73
47 -73
47 -74
48 -74
48 -75
44 -72
44 -71
44 -73
45 -73
46 -73
46 -74
45 -74
44 -74
43 -73
43 -72
42 -72
41 -72
41 -71
41 -70
42 -70
42 -71
43 -71
43 -70
44 -70
41 -69
41 -68
41 -67
42 -67
42 -68
40 -68
40 -67
40 -66
39 -67
38 -67
38 -66
38 -65
37 -65
36 -65
35 -65
36 -66
37 -66
37 -67
36 -67
36 -68
37 -68
37 -69
36 -69
35 -69
35 -68
34 -68
33 -68
34 -69
33 -69
32 -69
33 -70
33 -71
33 -72
32 -72
32 -71
32 -70
32 -73
33 -73
34 -73
34 -72
35 -72
36 -72
36 -73
35 -73
36 -74
35 -74
34 -71
34 -70
37 -70
36 -70
36 -71
37 -71
38 -71
38 -70
39 -70
39 -71
40 -71
39 -72
40 -72
40 -73
39 -73
39 -74
40 -74
41 -74
40 -75
39 -75
38 -75
38 -74
37 -75
37 -74
37 -73
36 -75
37 -76
36 -76
35 -76
34 -76
34 -75
34 -74
33 -76
32 -76
32 -75
33 -75
31 -76
30 -76
29 -76
28 -76
27 -76
27 -75
28 -75
27 -74
27 -73
28 -73
29 -73
30 -73
31 -73
31 -72
30 -72
29 -72
29 -71
29 -70
29 -69
28 -70
28 -69
28 -71
31 -74
32 -74
33 -74
31 -75
30 -75
30 -74
29 -75
29 -74
28 -74
27 -72
26 -72
26 -74
25 -74
24 -74
23 -74
23 -75
24 -75
25 -75
26 -75
25 -76
22 -75
22 -74
21 -74
21 -75
21 -76
22 -76
22 -77
23 -77
24 -77
25 -77
24 -78
25 -78
26 -78
27 -78
25 -79
24 -79
24 -80
25 -80
25 -81
24 -81
23 -78
22 -78
22 -79
20 -76
19 -76
19 -75
19 -77
20 -77
19 -78
20 -78
18 -78
21 -77
26 -76
27 -77
28 -77
29 -77
30 -77
33 -77
34 -77
34 -78
33 -78
35 -77
36 -77
37 -77
38 -77
39 -77
38 -76
37 -78
37 -79
39 -76
40 -76
40 -77
41 -77
41 -76
41 -78
42 -78
42 -77
38 -72
39 -68
39 -69
40 -70
40 -69
42 -73
41 -73
42 -74
42 -75
42 -76
43 -76
43 -75
44 -75
45 -75
44 -76
45 -76
45 -77
44 -77
45 -78
44 -78
43 -78
43 -77
43 -79
42 -79
42 -80
41 -80
42 -81
43 -81
44 -81
43 -82
42 -82
41 -82
41 -81
41 -83
40 -83
40 -82
40 -81
39 -81
39 -80
38 -81
38 -80
39 -82
38 -82
37 -82
36 -82
35 -82
34 -82
35 -83
35 -84
35 -85
36 -85
37 -85
37 -84
38 -84
39 -84
40 -84
41 -84
42 -84
43 -84
44 -84
43 -83
42 -83
43 -85
44 -85
45 -85
43 -86
42 -86
41 -86
41 -85
42 -85
40 -85
40 -86
39 -86
39 -85
38 -85
38 -86
37 -86
38 -87
39 -87
40 -87
41 -87
42 -87
43 -87
44 -87
44 -86
45 -86
45 -87
46 -87
45 -88
46 -88
47 -88
47 -87
44 -88
45 -89
42 -88
41 -88
40 -88
39 -88
38 -88
38 -89
37 -89
37 -88
37 -87
36 -87
36 -86
36 -88
35 -88
35 -87
35 -86
34 -88
34 -87
34 -86
34 -89
34 -90
35 -90
35 -89
36 -89
36 -90
37 -90
38 -90
37 -91
36 -91
35 -91
34 -91
34 -92
33 -92
32 -92
31 -92
30 -92
29 -92
28 -92
28 -91
29 -91
30 -91
30 -90
29 -90
28 -90
27 -90
27 -89
27 -88
28 -88
29 -88
30 -88
30 -89
31 -89
32 -89
33 -89
32 -90
31 -90
31 -91
31 -88
32 -88
31 -87
31 -86
32 -86
32 -85
33 -85
34 -85
34 -84
34 -83
33 -84
32 -84
31 -84
31 -83
32 -83
33 -83
31 -82
32 -82
31 -85
30 -85
30 -84
29 -84
29 -83
29 -82
29 -81
29 -80
30 -80
30 -79
31 -79
32 -79
32 -78
32 -77
31 -78
31 -77
30 -78
32 -80
29 -79
29 -78
28 -78
28 -80
28 -81
27 -81
27 -82
28 -82
29 -85
28 -85
27 -85
27 -84
28 -84
28 -83
27 -83
26 -83
26 -82
26 -81
25 -82
25 -83
24 -83
24 -82
23 -82
23 -83
22 -83
22 -82
22 -81
21 -81
21 -80
22 -80
23 -80
23 -79
23 -81
23 -84
22 -84
22 -85
23 -85
24 -85
25 -85
26 -85
26 -84
26 -86
27 -86
28 -86
28 -87
29 -87
30 -87
27 -87
25 -86
24 -86
23 -86
22 -86
21 -86
20 -86
23 -87
24 -87
23 -88
24 -88
25 -88
26 -88
26 -89
25 -89
26 -90
25 -87
22 -88
24 -84
21 -85
21 -84
21 -83
21 -82
20 -82
30 -86
29 -86
29 -89
28 -89
27 -91
26 -91
27 -92
27 -93
29 -93
30 -93
28 -93
33 -93
34 -93
34 -94
32 -93
33 -94
32 -94
31 -94
33 -95
34 -95
35 -95
36 -95
37 -95
36 -94
37 -94
38 -94
37 -93
36 -96
37 -96
35 -96
34 -96
33 -96
33 -97
34 -97
35 -97
36 -97
35 -98
36 -98
37 -98
38 -98
39 -98
38 -97
39 -97
38 -99
38 -100
39 -100
39 -99
38 -101
37 -101
37 -100
35 -99
36 -99
37 -99
34 -99
34 -100
35 -100
36 -100
36 -101
36 -102
37 -102
38 -102
38 -103
37 -103
38 -104
37 -104
36 -104
35 -104
34 -104
34 -103
35 -103
36 -103
35 -102
35 -101
34 -102
33 -103
33 -102
32 -102
33 -104
34 -105
35 -105
33 -105
33 -106
34 -106
34 -107
35 -107
36 -107
37 -107
38 -107
35 -108
36 -108
37 -108
38 -108
39 -108
38 -109
38 -110
39 -110
40 -110
39 -111
40 -111
37 -110
37 -109
38 -111
37 -111
36 -109
33 -107
36 -105
37 -105
34 -98
32 -95
32 -96
32 -97
32 -98
31 -98
35 -92
36 -92
35 -93
36 -93
40 -89
39 -89
40 -90
39 -90
42 -89
41 -89
42 -90
41 -90
41 -91
42 -91
41 -92
42 -92
43 -92
44 -92
44 -93
43 -93
42 -93
41 -93
40 -93
40 -92
39 -92
38 -92
38 -91
39 -91
40 -91
39 -93
41 -94
42 -94
43 -94
42 -95
41 -95
40 -95
39 -95
39 -94
40 -94
39 -96
40 -96
38 -96
38 -95
41 -96
42 -96
44 -94
37 -83
36 -84
36 -83
38 -83
39 -83
43 -80
44 -80
45 -80
45 -81
44 -79
45 -79
46 -79
47 -79
47 -80
48 -80
49 -80
50 -80
50 -79
51 -79
51 -80
51 -81
52 -81
52 -80
52 -79
53 -79
54 -79
55 -79
55 -78
55 -80
56 -80
57 -80
58 -80
58 -81
57 -81
56 -81
55 -81
57 -82
58 -82
59 -82
59 -83
58 -83
57 -83
57 -84
57 -85
58 -85
59 -85
59 -84
60 -84
60 -85
61 -85
62 -85
62 -84
62 -83
63 -83
62 -82
62 -81
63 -81
61 -81
61 -80
62 -80
61 -79
61 -82
60 -82
60 -83
61 -83
62 -86
63 -86
61 -86
60 -86
59 -86
62 -87
61 -87
60 -87
60 -88
59 -88
59 -87
58 -87
57 -87
57 -86
58 -86
57 -88
59 -89
58 -89
58 -90
59 -90
59 -91
61 -88
62 -88
58 -84
56 -85
56 -86
55 -86
55 -87
54 -87
56 -79
56 -78
56 -77
55 -77
55 -76
56 -76
57 -76
57 -75
57 -77
58 -77
59 -77
59 -78
58 -78
57 -78
57 -79
58 -76
58 -75
58 -74
59 -74
60 -74
61 -74
62 -74
63 -74
64 -74
65 -74
65 -73
66 -73
67 -73
67 -72
68 -72
67 -71
68 -71
69 -71
70 -71
69 -72
70 -72
71 -72
69 -73
70 -73
71 -73
72 -73
73 -73
74 -73
75 -73
75 -72
74 -72
72 -72
71 -74
72 -74
70 -74
69 -74
69 -75
69 -76
70 -76
71 -76
72 -76
73 -76
74 -76
74 -75
74 -77
73 -77
72 -77
72 -78
74 -78
75 -78
76 -78
76 -79
77 -79
77 -78
78 -78
79 -78
80 -78
81 -78
82 -78
83 -78
83 -77
84 -77
85 -77
86 -77
86 -76
87 -76
87 -75
88 -75
88 -74
89 -74
89 -75
90 -75
91 -75
91 -76
90 -74
91 -74
91 -73
92 -73
93 -73
93 -74
93 -75
93 -76
94 -76
95 -76
95 -77
96 -77
97 -77
96 -76
97 -76
98 -76
97 -75
98 -75
98 -74
99 -74
99 -75
98 -73
98 -72
99 -72
99 -71
100 -71
98 -71
98 -70
99 -70
100 -70
101 -70
102 -70
102 -69
103 -69
103 -68
103 -67
104 -67
102 -68
102 -67
102 -66
103 -66
103 -65
104 -65
105 -65
102 -65
101 -66
101 -65
101 -64
102 -64
103 -64
103 -63
104 -63
104 -64
100 -64
100 -65
99 -65
99 -66
100 -66
99 -67
100 -67
101 -67
100 -68
101 -68
100 -69
101 -69
99 -69
98 -67
98 -68
99 -68
97 -68
96 -68
95 -68
95 -69
95 -70
96 -70
96 -69
94 -70
94 -69
93 -69
93 -70
93 -71
92 -71
92 -70
92 -69
92 -68
93 -68
94 -68
91 -70
91 -69
90 -69
90 -68
91 -68
89 -69
88 -69
90 -70
89 -70
94 -71
95 -71
96 -71
94 -72
93 -72
92 -72
103 -70
102 -71
103 -71
103 -72
101 -71
101 -72
101 -73
102 -73
103 -73
103 -74
104 -74
105 -74
105 -73
106 -73
107 -73
108 -73
109 -73
110 -73
111 -73
110 -72
111 -72
108 -74
107 -74
108 -75
109 -75
110 -75
110 -74
110 -76
109 -76
108 -76
108 -77
109 -77
110 -77
111 -77
110 -78
111 -78
112 -78
113 -78
113 -77
114 -77
115 -77
116 -77
116 -76
117 -76
117 -75
118 -75
118 -74
118 -73
117 -74
118 -76
119 -76
120 -76
121 -76
121 -75
121 -74
122 -74
123 -74
123 -73
123 -72
123 -75
124 -75
123 -76
123 -77
122 -73
122 -72
122 -71
123 -71
124 -71
124 -70
125 -70
124 -69
124 -68
125 -68
126 -68
126 -67
127 -67
127 -66
126 -66
125 -66
127 -68
125 -67
126 -69
125 -69
126 -70
127 -70
128 -70
129 -70
129 -69
129 -68
128 -69
127 -71
128 -71
129 -71
130 -71
131 -71
129 -72
130 -72
131 -72
132 -72
131 -73
132 -73
133 -73
133 -72
134 -72
135 -72
136 -72
135 -71
136 -71
137 -71
138 -71
135 -73
134 -73
133 -74
134 -74
133 -75
133 -76
133 -77
134 -77
135 -77
135 -76
134 -76
134 -75
135 -75
136 -75
137 -75
138 -75
138 -74
138 -73
137 -73
137 -72
137 -74
138 -76
137 -76
136 -76
136 -77
138 -77
139 -77
139 -78
137 -77
138 -78
135 -78
134 -78
134 -79
132 -77
131 -77
132 -78
131 -78
132 -79
133 -79
131 -79
130 -79
130 -78
130 -77
129 -77
129 -78
128 -78
128 -79
127 -79
126 -79
126 -78
127 -78
126 -77
126 -76
127 -76
127 -75
127 -74
128 -74
128 -73
129 -73
127 -73
127 -72
126 -72
126 -73
125 -73
126 -75
126 -74
125 -74
125 -75
127 -77
128 -77
125 -78
125 -77
125 -76
125 -79
125 -80
126 -80
124 -80
123 -80
123 -79
123 -78
124 -78
124 -79
122 -78
122 -77
122 -76
121 -78
121 -77
120 -77
127 -80
127 -81
126 -81
125 -81
124 -81
123 -81
122 -81
122 -82
121 -82
121 -81
121 -83
121 -84
120 -84
127 -82
128 -82
128 -83
127 -83
126 -83
126 -84
127 -84
128 -84
129 -84
129 -85
125 -84
125 -83
124 -84
124 -83
123 -84
123 -83
123 -82
122 -83
122 -84
123 -85
124 -85
124 -86
125 -85
126 -85
127 -85
127 -86
126 -86
125 -86
129 -79
129 -80
130 -80
130 -81
129 -81
128 -81
129 -82
129 -83
133 -78
132 -74
131 -74
130 -74
132 -75
131 -75
130 -75
129 -75
130 -76
131 -76
129 -76
132 -76
128 -72
126 -71
125 -71
125 -72
124 -67
124 -66
123 -66
123 -65
122 -65
121 -65
121 -64
122 -64
120 -64
119 -64
119 -63
119 -62
119 -61
119 -60
118 -61
118 -60
118 -59
119 -59
119 -58
118 -58
117 -58
117 -57
118 -57
119 -57
120 -57
121 -57
121 -58
120 -58
120 -59
121 -59
120 -56
119 -56
118 -56
118 -55
119 -55
120 -55
120 -54
119 -54
118 -54
118 -53
118 -52
119 -52
119 -53
117 -54
117 -53
117 -52
117 -51
116 -51
116 -52
117 -55
117 -56
116 -56
116 -55
116 -54
115 -54
115 -53
116 -53
114 -54
114 -55
114 -56
115 -56
115 -55
113 -56
112 -56
112 -55
113 -55
111 -55
111 -54
112 -54
111 -53
110 -53
109 -53
109 -52
110 -54
109 -54
111 -56
110 -56
110 -57
111 -57
111 -58
110 -58
109 -58
109 -57
108 -57
108 -56
109 -56
109 -55
108 -55
108 -54
108 -58
108 -59
109 -59
110 -59
110 -60
109 -60
108 -60
107 -60
106 -60
106 -59
107 -59
112 -57
113 -57
114 -57
113 -58
116 -57
117 -59
116 -59
116 -58
117 -60
118 -62
118 -63
118 -64
117 -64
117 -63
117 -62
117 -61
116 -61
115 -61
115 -60
114 -60
114 -61
115 -62
114 -62
114 -63
115 -63
116 -63
116 -62
116 -64
115 -64
117 -65
118 -65
119 -65
116 -65
115 -65
114 -65
115 -66
120 -65
123 -69
123 -68
123 -67
122 -69
121 -69
120 -69
121 -70
120 -70
120 -71
119 -71
118 -71
117 -71
117 -70
116 -70
116 -69
117 -69
118 -69
119 -69
118 -68
119 -68
120 -68
120 -67
121 -67
122 -67
122 -66
121 -66
122 -68
121 -68
119 -67
119 -66
120 -66
118 -67
117 -68
117 -67
116 -67
116 -68
115 -69
115 -68
115 -67
114 -67
114 -68
113 -68
113 -67
112 -68
111 -68
111 -67
112 -67
110 -68
111 -69
113 -69
114 -69
114 -70
114 -71
115 -71
115 -70
112 -69
112 -70
113 -70
113 -71
112 -71
113 -72
114 -72
115 -72
114 -73
113 -73
113 -74
112 -74
111 -74
112 -75
113 -75
114 -75
114 -74
114 -76
113 -76
111 -75
117 -72
117 -73
119 -72
120 -72
118 -72
121 -71
121 -72
122 -70
123 -70
124 -72
121 -73
120 -73
119 -73
120 -74
119 -74
118 -77
117 -77
116 -78
117 -78
114 -78
113 -79
114 -79
115 -79
116 -79
115 -78
112 -79
112 -80
111 -80
111 -79
110 -79
110 -80
110 -81
109 -81
108 -81
108 -80
108 -79
109 -79
108 -78
109 -78
107 -78
107 -77
106 -77
106 -76
105 -77
104 -77
103 -77
103 -76
103 -75
102 -75
102 -76
102 -77
104 -78
105 -78
106 -78
105 -79
103 -78
104 -79
107 -79
106 -79
107 -80
109 -82
110 -82
111 -82
110 -83
111 -83
112 -83
113 -83
112 -82
113 -82
112 -81
111 -84
112 -84
110 -84
110 -85
108 -82
108 -83
107 -83
107 -82
106 -83
106 -82
105 -83
105 -84
105 -85
104 -85
105 -86
104 -86
109 -83
111 -81
113 -80
113 -81
112 -77
112 -76
109 -74
107 -72
108 -72
108 -71
108 -70
109 -70
110 -70
111 -70
110 -71
109 -71
109 -72
108 -69
108 -68
109 -68
109 -69
108 -67
108 -66
109 -66
109 -65
110 -65
111 -65
110 -64
111 -64
111 -63
112 -63
113 -63
110 -63
110 -62
110 -61
109 -62
109 -63
109 -64
108 -64
108 -63
108 -62
108 -61
107 -62
107 -63
107 -64
106 -64
106 -65
106 -66
107 -66
107 -67
106 -67
105 -67
105 -66
107 -65
108 -65
107 -68
106 -68
105 -68
104 -68
106 -69
107 -69
107 -70
106 -70
105 -70
105 -69
104 -70
104 -69
104 -71
105 -71
104 -72
104 -73
106 -71
107 -71
106 -72
104 -75
104 -76
102 -72
100 -73
100 -74
101 -74
100 -75
101 -75
101 -76
101 -77
97 -70
97 -69
98 -69
97 -71
97 -72
97 -74
94 -77
93 -77
93 -78
94 -78
92 -76
92 -75
90 -73
90 -76
89 -76
88 -76
88 -77
89 -77
90 -77
91 -77
92 -77
92 -78
90 -78
91 -78
91 -79
92 -79
93 -79
94 -79
94 -80
93 -80
94 -81
92 -80
91 -80
90 -80
90 -81
91 -81
89 -78
88 -78
87 -78
87 -77
86 -78
86 -79
87 -79
88 -79
88 -80
89 -80
87 -80
86 -80
85 -80
84 -80
84 -79
84 -78
83 -79
83 -80
82 -80
82 -81
83 -81
84 -81
83 -82
84 -82
84 -83
85 -83
86 -83
87 -83
87 -82
86 -82
85 -82
85 -81
86 -84
83 -83
82 -83
82 -82
81 -81
81 -80
81 -79
82 -79
80 -79
80 -80
80 -81
80 -82
81 -82
81 -83
80 -83
79 -83
79 -82
79 -81
79 -80
78 -80
77 -80
76 -80
78 -81
77 -81
76 -81
75 -81
75 -80
74 -81
73 -81
73 -80
74 -80
74 -79
75 -79
73 -82
74 -82
72 -82
72 -81
72 -83
73 -83
75 -82
75 -83
75 -84
75 -85
74 -85
74 -84
73 -84
73 -85
72 -85
72 -84
71 -85
70 -85
70 -84
70 -83
70 -82
71 -82
71 -81
70 -81
70 -80
69 -81
68 -81
68 -80
69 -80
68 -79
69 -79
70 -79
71 -79
69 -78
70 -78
68 -78
68 -77
68 -76
68 -75
68 -74
68 -73
67 -76
67 -77
66 -77
67 -81
67 -80
66 -80
67 -82
69 -82
68 -82
69 -83
68 -83
67 -83
69 -84
70 -86
71 -86
71 -87
72 -87
71 -88
72 -88
70 -87
69 -87
70 -88
70 -89
71 -89
72 -89
71 -90
71 -91
72 -91
73 -91
74 -91
75 -91
76 -91
77 -91
77 -90
77 -89
76 -90
77 -92
78 -92
79 -92
79 -91
79 -93
78 -93
77 -93
77 -94
76 -94
76 -93
75 -93
75 -92
76 -92
74 -93
74 -92
73 -92
72 -92
71 -92
70 -92
70 -91
70 -90
69 -90
69 -91
68 -91
68 -90
68 -89
67 -91
67 -90
67 -89
67 -88
66 -88
66 -87
65 -87
65 -88
65 -89
66 -89
66 -90
66 -91
65 -91
64 -91
64 -92
64 -93
63 -93
63 -92
63 -91
63 -90
63 -89
63 -88
63 -87
64 -87
64 -86
65 -86
65 -85
66 -85
67 -85
66 -84
66 -86
67 -86
65 -84
65 -83
65 -82
66 -82
65 -81
64 -82
64 -81
63 -82
64 -83
64 -88
64 -89
62 -89
62 -92
62 -93
61 -93
61 -92
60 -93
60 -92
59 -92
58 -92
57 -92
56 -92
55 -92
55 -91
56 -91
55 -90
54 -90
54 -89
55 -89
54 -91
53 -91
52 -91
52 -92
53 -92
54 -92
54 -93
55 -93
55 -94
56 -94
56 -95
55 -95
54 -95
54 -96
53 -96
53 -95
53 -94
53 -93
52 -93
52 -94
51 -94
51 -93
51 -92
51 -91
51 -90
50 -90
50 -89
51 -89
51 -88
52 -88
52 -89
53 -89
53 -88
54 -88
55 -88
56 -88
56 -89
50 -91
50 -92
49 -92
48 -92
48 -91
49 -91
49 -90
48 -90
48 -89
47 -89
46 -89
49 -93
50 -93
50 -94
49 -94
51 -95
52 -95
52 -96
53 -97
54 -97
54 -98
53 -98
52 -98
51 -98
51 -97
53 -99
54 -99
55 -99
56 -99
56 -100
57 -100
58 -100
55 -100
55 -98
55 -97
53 -100
52 -100
52 -99
53 -101
54 -101
55 -101
56 -101
56 -102
55 -102
54 -102
54 -103
55 -103
55 -104
54 -104
54 -105
55 -105
56 -105
57 -105
57 -104
57 -106
57 -107
58 -107
58 -106
58 -108
59 -108
60 -108
59 -109
60 -109
61 -109
62 -109
63 -109
63 -110
64 -110
65 -110
66 -110
67 -110
66 -109
66 -108
66 -107
65 -108
65 -107
64 -108
64 -107
63 -107
63 -106
64 -106
63 -105
62 -106
61 -106
61 -107
62 -107
62 -108
60 -107
60 -106
59 -106
59 -105
59 -104
59 -103
58 -103
58 -104
59 -107
65 -109
64 -109
62 -110
61 -110
60 -110
59 -110
58 -110
58 -109
57 -109
57 -108
56 -108
56 -107
56 -106
55 -106
55 -107
54 -107
53 -107
53 -106
53 -105
52 -106
52 -107
54 -108
55 -108
55 -109
56 -109
56 -110
54 -109
53 -109
53 -108
57 -110
57 -111
58 -111
58 -112
57 -112
56 -111
59 -111
61 -111
62 -111
63 -111
64 -111
60 -111
61 -112
60 -112
60 -113
61 -113
62 -113
63 -113
63 -114
64 -114
64 -115
65 -115
66 -115
66 -116
65 -116
64 -116
63 -116
62 -116
61 -116
60 -116
59 -116
59 -117
58 -117
58 -116
57 -116
57 -115
58 -115
58 -114
57 -114
56 -115
56 -116
55 -116
55 -115
55 -114
56 -114
54 -115
54 -114
54 -116
56 -117
57 -117
57 -118
58 -118
58 -119
55 -117
54 -117
53 -117
53 -118
54 -118
55 -118
55 -119
59 -118
61 -117
60 -117
60 -118
61 -118
62 -118
63 -118
63 -117
63 -119
62 -119
61 -119
62 -117
64 -117
65 -117
63 -115
62 -115
61 -115
61 -114
60 -114
60 -115
59 -115
62 -112
63 -112
62 -114
56 -104
56 -103
54 -106
53 -103
53 -104
52 -104
51 -104
51 -103
52 -103
50 -104
49 -104
49 -103
51 -105
50 -105
50 -106
51 -106
56 -96
55 -96
54 -94
57 -93
58 -93
59 -93
60 -94
60 -95
63 -94
62 -94
62 -95
63 -95
64 -95
65 -95
66 -95
64 -94
65 -94
65 -93
65 -92
66 -92
66 -93
67 -93
67 -92
67 -94
68 -94
69 -94
69 -93
70 -93
71 -93
71 -94
72 -94
72 -93
72 -95
73 -95
70 -94
70 -95
71 -95
69 -95
68 -95
67 -95
68 -96
69 -96
69 -92
68 -93
66 -94
64 -96
65 -96
65 -97
64 -97
64 -98
63 -96
63 -97
62 -97
62 -98
61 -98
61 -97
61 -96
60 -96
62 -99
63 -99
64 -99
65 -99
64 -100
65 -100
66 -100
67 -100
66 -99
66 -98
65 -98
65 -101
64 -101
63 -101
63 -100
64 -102
65 -102
65 -103
65 -104
63 -98
61 -99
62 -100
61 -100
60 -100
59 -100
59 -101
60 -101
61 -101
62 -101
61 -102
60 -102
60 -103
60 -104
60 -105
59 -102
61 -95
73 -93
74 -94
75 -94
73 -94
78 -94
79 -94
80 -94
81 -94
81 -95
82 -95
83 -95
83 -96
84 -96
84 -95
84 -94
84 -93
85 -93
86 -93
86 -92
87 -92
87 -93
88 -93
87 -94
88 -94
89 -94
90 -94
91 -94
91 -95
92 -95
93 -95
94 -95
92 -94
92 -93
93 -93
94 -93
94 -92
95 -92
96 -92
95 -91
94 -91
94 -90
95 -93
93 -92
92 -92
92 -91
93 -91
92 -90
93 -90
93 -94
91 -93
91 -92
90 -92
90 -91
90 -90
91 -90
91 -89
92 -89
93 -89
93 -88
94 -88
95 -88
94 -87
92 -88
92 -87
92 -86
91 -86
91 -85
90 -85
90 -84
91 -84
90 -83
90 -82
89 -84
89 -85
90 -86
90 -89
89 -89
89 -88
88 -88
88 -87
87 -87
87 -86
86 -87
86 -86
86 -85
87 -85
87 -84
88 -84
88 -83
88 -85
85 -86
84 -86
85 -87
84 -87
84 -88
87 -88
86 -88
85 -88
85 -89
86 -89
87 -89
87 -90
88 -90
89 -90
89 -91
88 -91
87 -91
88 -92
84 -89
88 -89
89 -92
89 -93
90 -93
89 -95
88 -95
87 -95
86 -95
86 -94
85 -94
85 -95
86 -96
87 -96
88 -96
88 -97
89 -97
90 -97
90 -98
87 -97
86 -97
85 -97
85 -96
84 -97
84 -98
85 -98
86 -98
87 -98
87 -99
88 -99
87 -100
88 -100
89 -100
89 -99
90 -99
90 -100
91 -100
92 -100
92 -99
91 -99
92 -101
91 -101
90 -101
89 -101
88 -101
88 -102
88 -103
89 -103
88 -104
91 -102
92 -102
90 -102
85 -99
84 -99
85 -100
86 -100
86 -99
84 -100
88 -98
89 -96
83 -93
83 -92
84 -92
85 -92
85 -91
86 -91
86 -90
85 -90
84 -91
84 -90
83 -90
82 -90
81 -90
81 -91
83 -91
82 -91
82 -92
81 -92
82 -93
82 -94
83 -94
80 -95
80 -96
81 -96
82 -96
81 -97
80 -97
79 -97
78 -97
78 -96
79 -96
79 -95
78 -95
79 -98
79 -99
78 -99
78 -100
79 -100
78 -101
77 -101
77 -100
77 -99
80 -98
80 -99
81 -98
81 -99
82 -99
83 -99
82 -98
82 -97
78 -91
75 -90
75 -89
76 -89
76 -88
77 -88
76 -87
77 -87
76 -86
77 -86
77 -85
76 -85
76 -84
77 -84
78 -84
79 -84
77 -83
77 -82
78 -82
78 -83
76 -82
76 -83
74 -90
73 -90
72 -90
72 -86
74 -86
75 -86
81 -84
82 -84
82 -85
83 -85
81 -85
80 -84
80 -85
87 -81
88 -81
89 -81
88 -82
89 -82
86 -81
87 -74
86 -74
85 -74
84 -74
84 -73
84 -72
84 -71
85 -71
86 -71
87 -71
87 -70
88 -70
86 -70
87 -72
88 -72
89 -72
90 -72
91 -72
89 -73
88 -73
87 -73
86 -73
86 -72
85 -73
85 -72
83 -72
83 -71
83 -70
84 -70
84 -69
85 -69
86 -69
85 -70
83 -73
84 -75
85 -75
86 -75
83 -75
82 -75
82 -74
81 -74
81 -75
80 -75
80 -74
80 -76
79 -76
78 -76
78 -75
77 -76
76 -76
76 -75
77 -75
77 -74
78 -74
79 -74
79 -73
78 -73
76 -74
75 -76
75 -75
75 -74
74 -74
73 -74
78 -77
77 -77
76 -77
75 -77
81 -76
81 -77
80 -77
83 -76
84 -76
82 -76
85 -76
85 -78
79 -79
71 -75
72 -75
71 -77
70 -77
69 -77
68 -70
69 -70
70 -70
71 -70
72 -70
68 -69
68 -68
69 -68
70 -68
70 -67
71 -67
70 -69
69 -67
68 -67
68 -66
69 -66
70 -66
71 -66
68 -65
67 -66
66 -66
66 -67
66 -68
67 -68
67 -69
66 -69
65 -69
69 -69
66 -74
64 -73
62 -73
62 -75
61 -75
60 -75
59 -75
59 -76
57 -74
56 -74
56 -75
55 -75
55 -74
55 -73
56 -73
57 -73
57 -72
54 -77
54 -76
53 -76
53 -75
53 -74
54 -74
54 -73
54 -72
55 -72
56 -72
55 -71
55 -70
56 -70
56 -69
57 -69
57 -70
58 -70
58 -69
57 -71
58 -71
54 -71
54 -70
54 -69
54 -68
55 -68
53 -68
53 -67
54 -67
54 -66
53 -66
53 -65
53 -64
54 -64
52 -65
52 -66
52 -67
51 -67
51 -66
51 -65
50 -65
49 -65
48 -65
48 -64
48 -66
50 -66
49 -66
50 -67
50 -68
51 -68
52 -68
53 -69
53 -70
52 -70
51 -70
51 -71
52 -71
53 -71
53 -72
52 -72
51 -72
52 -73
53 -73
51 -73
51 -74
52 -74
52 -75
51 -75
51 -76
52 -76
52 -77
53 -77
53 -78
54 -78
52 -78
51 -77
50 -77
49 -77
49 -76
48 -76
47 -76
47 -75
46 -75
47 -77
48 -77
46 -77
50 -78
51 -78
54 -75
50 -81
49 -81
51 -82
49 -79
48 -79
48 -81
48 -82
49 -82
50 -82
50 -83
51 -83
49 -83
48 -83
47 -83
47 -82
47 -81
46 -81
46 -80
46 -83
46 -82
45 -83
44 -83
44 -82
45 -82
46 -84
45 -84
46 -85
47 -85
48 -85
49 -85
50 -85
51 -85
52 -85
53 -85
53 -86
54 -86
53 -87
52 -86
50 -86
51 -86
49 -86
48 -86
47 -86
49 -87
50 -87
50 -88
49 -84
50 -84
51 -84
48 -84
47 -84
46 -86
43 -74
46 -69
46 -65
44 -66
44 -64
45 -64
43 -64
43 -63
42 -63
42 -64
41 -64
41 -66
42 -66
43 -66
47 -63
46 -63
46 -58
46 -57
45 -58
45 -57
44 -58
44 -57
44 -56
44 -55
43 -55
43 -56
42 -56
43 -57
43 -58
45 -59
44 -59
43 -59
42 -59
46 -61
45 -61
43 -61
40 -60
40 -59
41 -59
39 -59
39 -58
33 -54
32 -54
33 -52
32 -52
32 -51
29 -52
30 -53
28 -51
27 -51
28 -49
24 -47
24 -48
23 -48
23 -49
24 -43
25 -43
25 -42
25 -41
24 -42
23 -42
23 -41
24 -41
22 -41
22 -42
22 -43
22 -44
23 -44
23 -43
23 -47
22 -47
21 -47
20 -47
21 -48
21 -49
20 -49
20 -50
19 -50
18 -50
18 -49
19 -49
19 -48
20 -48
18 -48
18 -47
19 -47
17 -47
17 -46
18 -46
19 -46
17 -45
16 -45
16 -44
17 -44
18 -44
18 -43
18 -45
16 -46
16 -47
15 -47
15 -46
15 -45
15 -44
14 -45
14 -44
14 -43
14 -42
15 -42
15 -43
16 -43
17 -43
13 -44
13 -43
14 -46
13 -46
13 -45
12 -45
12 -44
12 -43
12 -42
11 -43
11 -42
10 -42
10 -41
9 -42
9 -41
9 -40
8 -42
8 -41
7 -41
7 -40
6 -40
6 -39
6 -41
5 -41
5 -42
6 -42
7 -42
7 -43
6 -43
5 -43
4 -43
5 -44
4 -42
8 -43
9 -43
9 -44
10 -44
11 -44
9 -45
10 -45
11 -45
10 -43
15 -48
16 -48
17 -48
16 -49
17 -49
16 -50
17 -50
15 -50
15 -49
14 -49
13 -49
13 -50
14 -50
14 -51
15 -51
16 -51
13 -51
13 -52
14 -52
14 -53
13 -53
13 -54
14 -54
14 -48
19 -51
20 -51
21 -50
22 -50
23 -50
22 -49
22 -48
17 -41
18 -41
18 -40
17 -40
13 -41
13 -40
13 -42
19 -35
18 -35
17 -31
17 -32
16 -32
17 -33
16 -33
16 -31
13 -28
10 -29
9 -29
6 -25
6 -20
9 -19
8 -15
14 -12
15 -12
16 -12
17 -11
16 -11
17 -12
18 -12
18 -11
19 -11
19 -10
19 -9
18 -13
19 -13
19 -14
20 -14
20 -15
19 -15
18 -14
17 -13
17 -14
17 -15
18 -15
16 -15
15 -15
15 -14
16 -14
16 -13
15 -13
14 -14
16 -16
16 -17
14 -9
9 -4
8 -4
8 -3
9 -5
8 -1
7 -1
3 0
3 -1
3 4
2 2
1 5
2 5
1 6
0 6
-1 6
-1 7
0 7
0 8
0 9
0 10
1 10
2 10
1 11
0 11
-1 11
-1 12
0 12
1 12
2 12
3 12
4 12
4 11
2 13
2 14
2 15
3 15
4 15
4 16
5 16
6 16
7 16
8 16
8 17
9 17
9 18
9 16
8 18
7 17
7 18
7 19
8 19
9 19
9 20
10 20
10 21
10 22
9 22
9 21
8 21
8 22
7 22
7 23
7 21
10 19
8 20
7 20
6 19
6 20
6 21
5 21
5 22
6 22
5 23
5 24
5 25
5 26
4 25
4 26
4 24
3 24
3 25
4 23
3 23
4 22
4 21
3 21
3 22
5 20
4 20
4 19
4 18
4 17
5 19
5 18
6 18
6 17
8 15
9 15
10 15
11 15
12 15
7 15
6 15
6 14
5 14
6 13
3 16
3 17
3 18
3 19
2 19
2 20
2 21
2 22
2 23
1 21
0 21
0 22
1 22
0 23
0 24
1 24
2 24
1 25
2 25
0 25
-1 25
-1 24
-1 23
-1 22
1 20
2 18
1 18
1 19
0 19
-1 19
-2 19
-3 19
-3 20
-3 21
-2 21
-2 22
-3 22
-3 23
-2 23
-2 24
-2 25
-3 24
-4 24
-4 25
-5 24
-5 25
-5 26
-4 26
-4 27
-5 27
-6 27
-6 26
-7 26
-6 25
-7 25
-8 25
-9 25
-6 24
-4 23
-5 23
-5 22
-6 22
-7 22
-8 22
-8 23
-7 23
-9 22
-4 22
-2 20
-4 20
-5 20
-6 20
-4 19
-5 19
-6 19
-7 19
-8 19
-8 20
-7 20
-8 21
-9 21
-9 20
-10 20
-10 19
-10 18
-11 18
-10 17
-9 17
-11 17
-11 16
-10 16
-9 16
-8 16
-12 16
-13 16
-13 17
-12 17
-12 18
-13 18
-13 19
-14 19
-14 20
-14 21
-13 21
-12 21
-15 21
-15 22
-15 23
-14 23
-14 24
-13 24
-12 24
-11 24
-11 25
-12 25
-13 25
-13 26
-12 26
-11 26
-11 27
-10 27
-9 27
-8 27
-8 26
-12 27
-12 28
-11 28
-10 28
-9 28
-8 28
-9 29
-9 30
-8 30
-8 29
-7 29
-6 29
-6 30
-5 30
-4 30
-3 30
-6 31
-6 28
-9 31
-10 30
-10 31
-10 29
-11 29
-12 29
-13 29
-13 28
-14 28
-15 28
-16 28
-17 28
-16 27
-17 27
-13 27
-14 27
-14 26
-14 25
-11 23
-11 22
-15 24
-15 25
-16 25
-16 26
-17 26
-16 24
-17 24
-16 23
-17 23
-18 23
-19 23
-19 24
-20 23
-20 22
-19 22
-18 22
-17 22
-16 22
-16 21
-17 21
-18 21
-19 21
-19 20
-20 20
-20 21
-21 21
-21 22
-21 20
-20 19
-21 19
-17 20
-16 20
-15 20
-16 19
-17 19
-18 19
-19 19
-19 18
-19 17
-19 16
-18 16
-17 16
-16 16
-15 16
-14 16
-15 17
-16 17
-16 18
-17 18
-16 15
-15 15
-14 15
-14 14
-13 14
-13 13
-12 13
-11 13
-10 13
-9 13
-9 14
-8 14
-8 13
-9 15
-10 15
-10 14
-10 12
-10 11
-9 11
-9 10
-9 9
-11 11
-12 11
-12 12
-12 10
-11 10
-11 9
-13 10
-14 10
-14 11
-13 11
-13 12
-14 12
-14 13
-15 13
-15 14
-16 14
-17 14
-17 15
-18 15
-19 15
-20 15
-21 15
-19 14
-18 14
-20 14
-17 13
-16 13
-15 12
-16 12
-15 11
-16 11
-13 9
-14 9
-13 8
-12 8
-11 8
-10 8
-12 7
-11 7
-11 6
-13 7
-14 7
-15 7
-15 6
-16 6
-16 7
-17 6
-17 5
-18 5
-16 5
-15 5
-14 5
-14 6
-13 6
-12 6
-13 5
-12 5
-11 5
-10 5
-9 5
-9 6
-8 6
-7 6
-6 6
-6 5
-7 5
-7 4
-8 4
-8 3
-7 3
-9 3
-9 4
-10 4
-10 3
-11 3
-11 4
-12 3
-11 2
-12 2
-10 2
-9 2
-9 1
-10 1
-11 1
-12 1
-13 1
-12 0
-13 0
-13 -1
-11 0
-8 2
-6 4
-7 7
-6 7
-5 7
-10 6
-10 7
-9 7
-9 8
-11 14
-12 14
-11 12
-14 17
-14 18
-15 18
-9 19
-9 18
-8 18
-7 18
-6 18
-7 17
-6 17
-5 17
-5 16
-4 16
-3 16
-2 16
-1 16
0 16
1 16
1 15
0 15
-1 15
-1 14
0 14
1 14
-1 17
0 17
-1 18
0 18
-2 18
-2 17
-3 17
-3 18
-3 15
-2 15
-2 14
-2 13
-1 13
-2 12
-3 12
-3 11
-2 11
-3 10
-2 10
-3 9
-2 9
-1 9
-2 8
-1 8
-3 8
-4 9
-5 9
-5 8
-4 15
-5 15
-5 14
-5 13
-6 13
-6 12
-5 12
-4 12
-4 11
-5 11
-6 11
-5 10
-4 14
-4 13
-4 17
-6 16
-6 15
-7 15
-8 15
-6 14
-7 14
-7 13
-5 18
2 17
1 17
2 16
4 14
3 14
3 13
4 13
1 13
0 13
-1 10
-2 7
-2 6
-3 6
-3 5
-1 5
0 4
-1 4
-2 4
-2 5
-3 4
-4 4
-4 5
-4 3
-3 3
-5 3
-5 4
-5 5
-5 6
-6 3
-5 2
-4 2
-3 2
-3 1
-6 2
0 2
-2 3
-2 2
-2 1
