4567
0 0
1 0
1 1
1 2
2 2
2 3
1 3
0 3
0 4
1 4
2 4
3 4
3 5
4 5
4 6
5 6
6 6
6 7
7 7
8 7
8 8
9 8
10 8
10 9
9 9
9 10
10 10
11 10
12 10
11 11
11 9
11 8
9 11
10 11
10 12
10 13
11 13
12 13
12 14
12 12
13 12
14 12
15 12
16 12
17 12
18 12
18 11
18 10
18 9
17 9
16 9
16 8
17 8
18 8
19 8
20 8
19 7
20 7
18 7
18 6
19 6
17 6
16 6
16 5
17 5
17 4
18 4
19 4
19 3
18 3
18 2
18 5
16 4
15 4
15 5
15 6
15 7
16 7
17 7
14 6
13 6
13 7
12 7
11 7
11 6
11 5
10 5
12 6
12 5
13 5
14 5
13 4
12 4
14 4
14 3
13 3
14 2
13 2
13 1
14 1
14 0
15 0
15 1
15 -1
14 -1
13 0
15 3
16 3
17 3
15 8
17 13
18 13
16 13
15 13
15 14
15 15
14 15
14 16
14 17
14 18
15 18
14 19
14 20
14 21
14 22
14 23
13 22
13 21
13 20
13 19
13 18
12 18
12 19
12 20
12 21
12 17
13 17
11 17
11 16
11 15
12 15
12 16
13 16
13 15
13 14
10 15
9 15
8 15
8 16
7 16
8 14
9 14
9 13
8 13
8 12
8 11
8 10
8 9
10 14
14 14
14 13
13 13
17 11
16 11
13 11
11 12
11 14
9 12
8 6
7 6
7 5
8 5
9 5
9 4
10 4
9 3
8 3
8 4
8 2
7 2
6 2
8 1
9 1
9 2
7 1
7 0
6 0
5 0
4 0
4 -1
5 -1
6 -1
6 -2
5 -2
4 -2
5 -3
6 -3
6 -4
7 -4
8 -4
9 -4
9 -3
10 -3
11 -3
10 -2
11 -2
9 -2
8 -2
8 -1
8 0
9 0
9 -1
7 -1
7 -2
7 -3
8 -5
9 -5
10 -5
10 -6
11 -6
11 -7
9 -6
7 -5
8 -6
5 -4
5 -5
6 -5
4 -5
3 -5
2 -5
1 -5
0 -5
2 -6
3 -6
3 -7
4 -7
5 -7
5 -8
4 -8
3 -8
3 -9
3 -10
4 -10
2 -10
2 -9
1 -10
1 -9
1 -8
1 -7
1 -6
0 -6
-1 -6
-1 -5
-2 -5
-2 -4
-3 -4
-3 -3
-2 -3
-2 -2
-1 -2
0 -2
1 -2
1 -1
2 -1
2 0
3 0
2 1
3 1
4 1
5 1
6 1
3 2
4 2
5 2
5 3
4 3
0 -1
-1 -1
-3 -2
-4 -2
-4 -3
-5 -3
-5 -2
-6 -3
-6 -2
-6 -1
-7 -3
-7 -2
-7 -1
-7 0
-6 0
-5 0
-4 0
-4 1
-3 1
-3 0
-2 0
-1 0
-2 1
-3 -1
-4 -1
-5 1
-5 2
-5 3
-5 4
-6 1
-6 2
-6 3
-6 4
-7 2
-7 3
-8 3
-9 3
-9 4
-10 4
-8 2
-8 1
-8 -3
-8 -2
-4 -4
-5 -4
-5 -5
-4 -5
-6 -5
-6 -4
-6 -6
-5 -6
-4 -6
-4 -7
-5 -7
-4 -8
-3 -8
-3 -9
-2 -9
-1 -9
-1 -8
0 -8
0 -9
0 -10
0 -11
0 -12
0 -13
-1 -13
-1 -12
-1 -11
-1 -10
-2 -12
-2 -11
-2 -10
-3 -10
-3 -11
-4 -11
-4 -10
-4 -9
-2 -13
-2 -14
-1 -14
0 -14
1 -14
1 -15
0 -15
0 -16
1 -16
2 -16
2 -15
3 -15
2 -14
0 -17
0 -18
0 -19
1 -19
1 -18
1 -17
1 -20
0 -20
-1 -20
-2 -20
0 -21
1 -21
2 -21
3 -21
2 -20
3 -20
3 -19
4 -19
5 -19
6 -19
7 -19
8 -19
8 -18
9 -18
10 -18
11 -18
11 -17
12 -17
13 -17
13 -16
10 -17
9 -17
9 -16
10 -16
11 -16
11 -15
11 -14
12 -14
13 -14
13 -13
13 -12
13 -11
12 -12
11 -12
11 -13
12 -13
10 -13
13 -15
14 -15
15 -15
15 -14
14 -14
12 -15
10 -14
9 -14
10 -15
9 -15
8 -15
8 -17
8 -16
9 -19
8 -20
9 -20
10 -20
11 -20
10 -19
10 -21
9 -21
8 -21
7 -21
7 -20
6 -20
6 -21
6 -22
5 -22
4 -22
3 -22
3 -23
2 -23
2 -22
1 -22
0 -22
-1 -22
-1 -21
-2 -21
-2 -22
-1 -23
-1 -24
1 -23
1 -24
2 -24
5 -23
6 -23
4 -23
5 -24
6 -24
7 -24
7 -23
7 -22
6 -25
7 -25
7 -26
8 -22
8 -23
9 -23
10 -23
9 -22
9 -24
10 -24
11 -24
12 -24
13 -24
13 -23
13 -25
12 -23
12 -25
11 -25
12 -26
11 -26
10 -26
9 -26
8 -26
8 -25
9 -25
10 -25
8 -24
8 -27
9 -27
8 -28
9 -28
6 -18
5 -18
4 -18
4 -17
3 -17
3 -18
5 -20
-1 -7
0 -7
-7 -6
-8 -6
-8 -5
-7 -5
-7 -4
-8 -4
-9 -5
-10 -5
-11 -5
-11 -4
-11 -3
-11 -2
-10 -2
-10 -3
-11 -1
-10 -1
-9 -1
-8 -1
-8 0
-9 0
-9 1
-9 2
-10 2
-10 3
-10 1
-11 1
-11 2
-11 3
-11 4
-11 5
-11 6
-10 6
-9 6
-9 7
-10 5
-9 5
-8 5
-7 5
-6 5
-5 5
-5 6
-5 7
-5 8
-4 8
-4 7
-3 7
-3 8
-4 6
-3 6
-3 5
-4 5
-6 7
-6 6
-7 6
-8 6
-8 7
-8 8
-7 8
-7 7
-9 8
-10 8
-10 9
-9 9
-9 10
-8 10
-8 9
-10 7
-8 4
-7 4
-12 5
-12 3
-13 3
-13 4
-14 4
-14 5
-15 5
-15 6
-15 7
-16 6
-16 7
-17 7
-17 8
-16 8
-16 9
-16 10
-17 9
-18 9
-18 10
-19 10
-20 10
-21 10
-21 9
-20 9
-20 8
-19 9
-19 8
-19 7
-18 7
-18 8
-18 6
-17 6
-17 5
-18 5
-19 5
-20 5
-21 5
-21 6
-22 5
-23 5
-24 5
-25 5
-26 5
-26 6
-27 6
-27 7
-27 8
-27 9
-26 9
-27 10
-26 10
-25 10
-26 11
-25 11
-24 11
-23 11
-23 10
-24 10
-24 12
-25 12
-26 12
-27 11
-28 11
-29 11
-30 11
-29 10
-28 10
-28 9
-29 9
-28 8
-28 7
-27 5
-24 4
-23 4
-22 4
-21 4
-20 4
-19 4
-18 4
-18 3
-18 2
-19 2
-20 2
-20 1
-21 1
-22 1
-23 1
-24 1
-24 2
-25 1
-25 2
-25 0
-26 0
-21 0
-20 0
-19 0
-19 1
-19 -1
-18 -1
-18 -2
-17 -2
-19 -2
-19 -3
-18 -3
-20 -3
-21 -3
-21 -2
-22 -2
-22 -1
-21 -1
-20 -1
-22 -3
-19 -4
-18 -4
-20 -4
-19 -5
-18 -5
-17 -5
-20 -5
-20 -6
-19 -6
-18 -6
-17 -6
-16 -6
-16 -5
-16 -4
-15 -4
-14 -4
-14 -5
-13 -5
-12 -5
-12 -6
-13 -6
-13 -7
-12 -7
-11 -7
-10 -7
-9 -7
-8 -7
-7 -7
-7 -8
-8 -8
-9 -8
-9 -9
-8 -9
-7 -9
-6 -9
-6 -10
-5 -10
-5 -9
-6 -11
-9 -6
-10 -6
-11 -6
-10 -8
-12 -8
-11 -8
-11 -9
-12 -9
-13 -9
-13 -8
-14 -8
-12 -10
-11 -10
-11 -11
-12 -11
-13 -11
-13 -10
-14 -10
-15 -10
-16 -10
-16 -11
-17 -11
-16 -12
-16 -13
-17 -13
-17 -14
-16 -14
-15 -14
-14 -11
-14 -12
-13 -12
-12 -12
-11 -12
-10 -12
-15 -12
-14 -13
-14 -14
-13 -14
-12 -14
-11 -14
-11 -13
-10 -13
-9 -13
-8 -13
-8 -14
-8 -15
-11 -15
-11 -16
-12 -16
-12 -15
-13 -16
-13 -15
-13 -17
-12 -17
-11 -17
-10 -17
-11 -18
-12 -18
-13 -18
-14 -18
-15 -18
-15 -17
-14 -17
-16 -17
-16 -16
-16 -15
-15 -15
-15 -16
-13 -19
-12 -19
-11 -19
-10 -19
-11 -20
-10 -20
-9 -20
-8 -20
-8 -19
-9 -19
-9 -18
-8 -18
-8 -17
-9 -17
-10 -18
-9 -21
-12 -20
-12 -21
-14 -19
-14 -20
-15 -20
-16 -20
-16 -19
-15 -19
-17 -20
-17 -19
-17 -18
-16 -18
-17 -17
-17 -16
-17 -15
-18 -15
-18 -14
-18 -16
-18 -17
-19 -17
-19 -16
-19 -15
-20 -15
-21 -15
-22 -15
-23 -15
-20 -16
-20 -17
-21 -17
-21 -16
-22 -16
-22 -17
-23 -17
-23 -16
-24 -16
-24 -15
-25 -15
-26 -15
-25 -16
-25 -17
-25 -18
-24 -18
-24 -17
-26 -18
-26 -17
-27 -18
-27 -17
-28 -18
-28 -17
-28 -16
-27 -16
-28 -15
-28 -14
-28 -13
-29 -14
-29 -13
-29 -15
-29 -17
-29 -18
-29 -19
-28 -19
-30 -19
-20 -18
-21 -18
-22 -18
-23 -18
-19 -18
-18 -18
-18 -19
-19 -19
-20 -19
-21 -19
-22 -19
-21 -20
-20 -20
-19 -20
-18 -20
-21 -21
-20 -21
-21 -22
-20 -22
-19 -22
-18 -22
-17 -22
-16 -22
-16 -21
-17 -21
-16 -23
-15 -23
-14 -23
-13 -23
-12 -23
-12 -22
-11 -22
-10 -22
-10 -21
-11 -21
-10 -23
-9 -23
-9 -22
-8 -22
-8 -21
-7 -21
-6 -21
-5 -21
-4 -21
-3 -21
-3 -20
-3 -19
-3 -18
-2 -18
-1 -18
-1 -17
-1 -16
-1 -15
-2 -15
-2 -16
-3 -16
-3 -15
-3 -14
-3 -13
-4 -15
-4 -14
-5 -15
-5 -14
-5 -13
-6 -14
-6 -13
-7 -13
-7 -14
-7 -15
-6 -15
-6 -16
-5 -16
-4 -16
-5 -17
-6 -17
-6 -18
-7 -18
-7 -17
-7 -16
-2 -17
-2 -19
-1 -19
-3 -17
-4 -18
-4 -17
-4 -19
-4 -20
-5 -20
-5 -19
-5 -18
-6 -20
-6 -19
-6 -22
-7 -22
-7 -20
-12 -24
-11 -24
-12 -25
-13 -25
-13 -24
-14 -25
-15 -25
-15 -24
-14 -24
-13 -26
-15 -22
-14 -22
-13 -22
-13 -21
-13 -20
-19 -21
-18 -21
-20 -23
-19 -23
-18 -23
-17 -23
-21 -23
-22 -23
-23 -23
-23 -22
-22 -22
-22 -21
-22 -24
-21 -24
-20 -24
-19 -24
-18 -24
-18 -25
-17 -25
-16 -25
-19 -25
-19 -26
-18 -26
-17 -26
-16 -26
-15 -26
-17 -27
-16 -27
-15 -27
-18 -27
-20 -26
-21 -26
-21 -25
-20 -25
-22 -26
-22 -25
-23 -25
-23 -24
-24 -25
-24 -26
-25 -26
-26 -26
-27 -26
-27 -25
-26 -25
-26 -24
-25 -24
-25 -25
-27 -24
-27 -23
-26 -23
-28 -24
-29 -24
-28 -25
-28 -26
-28 -27
-29 -27
-30 -27
-31 -27
-31 -26
-31 -25
-30 -25
-31 -24
-32 -25
-32 -24
-32 -23
-33 -23
-34 -23
-35 -23
-35 -22
-34 -24
-33 -24
-33 -25
-33 -26
-32 -26
-32 -27
-33 -27
-34 -27
-34 -26
-34 -25
-35 -25
-35 -26
-36 -26
-36 -25
-37 -26
-37 -27
-36 -27
-36 -28
-35 -28
-34 -28
-35 -27
-36 -29
-35 -29
-37 -29
-37 -30
-37 -31
-36 -30
-35 -30
-35 -31
-34 -31
-34 -30
-38 -27
-38 -26
-38 -25
-38 -28
-37 -28
-39 -28
-39 -27
-39 -26
-39 -25
-40 -26
-41 -26
-41 -25
-42 -26
-42 -25
-42 -24
-41 -24
-43 -24
-43 -25
-44 -25
-45 -25
-45 -24
-44 -24
-45 -23
-46 -23
-46 -22
-46 -21
-45 -21
-45 -20
-46 -20
-47 -21
-47 -20
-47 -19
-47 -18
-48 -20
-49 -20
-49 -19
-50 -20
-50 -21
-49 -21
-48 -21
-48 -22
-47 -22
-48 -23
-46 -24
-47 -24
-47 -23
-47 -25
-46 -25
-48 -25
-49 -25
-49 -24
-50 -24
-50 -23
-49 -23
-49 -22
-50 -22
-51 -22
-51 -23
-52 -23
-52 -24
-51 -24
-51 -25
-50 -25
-53 -24
-53 -23
-54 -23
-54 -22
-53 -22
-53 -21
-53 -20
-52 -20
-52 -19
-51 -19
-50 -19
-51 -18
-50 -18
-52 -21
-51 -21
-51 -20
-54 -20
-54 -19
-53 -19
-53 -18
-53 -17
-54 -17
-54 -18
-55 -20
-56 -20
-56 -19
-55 -19
-55 -18
-56 -18
-56 -17
-56 -16
-55 -16
-54 -16
-53 -16
-53 -15
-53 -14
-54 -15
-55 -15
-55 -14
-55 -13
-54 -13
-55 -12
-54 -12
-54 -11
-53 -11
-53 -10
-52 -10
-51 -10
-51 -11
-51 -12
-52 -9
-51 -9
-52 -11
-54 -10
-54 -9
-54 -8
-54 -7
-53 -7
-55 -7
-55 -6
-54 -6
-55 -5
-54 -5
-53 -5
-53 -4
-52 -4
-52 -5
-52 -6
-51 -6
-50 -6
-51 -5
-53 -3
-54 -4
-55 -4
-55 -3
-54 -3
-54 -2
-55 -2
-55 -1
-54 -1
-54 0
-53 0
-52 0
-51 0
-51 1
-51 -1
-50 -1
-49 -1
-49 0
-49 1
-50 0
-50 1
-50 2
-53 1
-53 2
-52 2
-51 2
-54 1
-55 1
-56 1
-56 2
-57 2
-57 1
-57 0
-56 0
-55 0
-53 -1
-53 -2
-56 -1
-57 -1
-58 -1
-58 0
-58 1
-58 2
-59 1
-60 1
-60 2
-59 2
-61 2
-61 3
-60 3
-60 4
-61 4
-61 5
-61 6
-60 6
-59 6
-58 6
-58 7
-58 8
-57 8
-57 9
-56 9
-58 9
-58 10
-58 11
-57 11
-57 12
-57 13
-58 12
-57 10
-56 10
-56 11
-55 11
-59 11
-60 11
-60 12
-59 12
-59 13
-59 14
-58 14
-58 13
-59 15
-58 15
-57 15
-56 15
-56 16
-55 16
-54 16
-54 17
-53 17
-53 16
-54 18
-54 19
-54 20
-53 20
-52 20
-52 19
-51 19
-50 19
-51 20
-53 19
-54 21
-53 21
-52 21
-53 22
-52 22
-51 22
-51 23
-51 21
-54 22
-55 22
-55 21
-55 19
-55 20
-55 17
-55 18
-56 17
-54 15
-53 15
-55 15
-55 14
-56 14
-56 13
-54 14
-54 13
-55 13
-55 12
-56 12
-57 16
-60 14
-61 14
-62 14
-62 15
-62 16
-62 17
-62 18
-63 18
-64 18
-64 17
-63 16
-63 17
-63 15
-61 12
-61 13
-61 11
-59 10
-57 7
-59 8
-59 9
-59 5
-60 7
-59 7
-60 5
-62 5
-62 6
-63 5
-63 6
-63 7
-62 7
-61 7
-63 8
-62 8
-61 8
-60 8
-60 9
-61 9
-61 10
-64 7
-65 7
-65 8
-66 7
-66 6
-65 6
-64 6
-64 5
-65 5
-66 5
-67 5
-68 5
-68 6
-67 6
-67 7
-68 7
-68 8
-69 8
-69 5
-69 6
-70 6
-70 5
-66 4
-67 4
-68 4
-69 4
-69 3
-70 3
-70 2
-69 2
-68 2
-67 2
-66 2
-66 3
-65 3
-64 3
-63 3
-63 4
-62 4
-62 3
-62 2
-63 2
-62 1
-61 1
-63 1
-64 4
-65 4
-64 2
-65 2
-65 1
-64 1
-64 0
-63 0
-63 -1
-62 -1
-61 -1
-60 -1
-60 -2
-59 -2
-58 -2
-59 -1
-59 0
-60 0
-59 -3
-59 -4
-58 -4
-57 -4
-57 -3
-58 -3
-58 -5
-57 -5
-59 -5
-60 -5
-60 -4
-61 -4
-61 -3
-60 -3
-62 -3
-62 -2
-61 -2
-63 -2
-61 -5
-61 -6
-62 -6
-62 -5
-62 -7
-63 -7
-63 -8
-62 -8
-61 -8
-60 -8
-60 -7
-59 -7
-59 -8
-58 -8
-57 -8
-57 -7
-57 -6
-56 -6
-58 -6
-58 -7
-61 -7
-63 -9
-62 -9
-61 -9
-61 -10
-60 -10
-59 -10
-59 -9
-59 -11
-58 -11
-57 -11
-58 -12
-59 -12
-59 -13
-58 -13
-58 -14
-59 -14
-60 -14
-60 -13
-61 -14
-62 -14
-63 -14
-64 -14
-65 -14
-66 -14
-66 -13
-65 -15
-66 -15
-67 -15
-68 -15
-68 -14
-67 -14
-67 -13
-67 -12
-66 -12
-65 -12
-64 -12
-65 -13
-64 -13
-63 -13
-62 -13
-62 -12
-61 -12
-60 -12
-61 -11
-60 -11
-66 -11
-68 -12
-68 -13
-69 -14
-69 -15
-70 -15
-70 -16
-69 -16
-69 -17
-68 -17
-68 -18
-67 -18
-66 -18
-65 -18
-64 -18
-63 -18
-62 -18
-62 -17
-61 -17
-61 -18
-62 -16
-61 -16
-60 -16
-60 -15
-59 -15
-59 -16
-58 -16
-58 -15
-57 -15
-57 -16
-58 -17
-57 -17
-57 -18
-58 -18
-58 -19
-57 -19
-59 -17
-60 -17
-61 -15
-63 -16
-63 -17
-64 -17
-64 -16
-62 -19
-61 -19
-60 -19
-60 -18
-61 -20
-60 -20
-60 -21
-59 -21
-61 -21
-62 -21
-62 -20
-63 -20
-63 -19
-62 -22
-61 -22
-63 -22
-64 -22
-64 -19
-65 -19
-66 -19
-66 -20
-65 -20
-64 -20
-67 -20
-67 -21
-66 -21
-65 -21
-64 -21
-66 -22
-65 -22
-65 -23
-66 -23
-67 -23
-67 -24
-68 -21
-68 -20
-69 -20
-69 -21
-70 -21
-70 -20
-70 -22
-69 -22
-67 -22
-66 -17
-67 -17
-67 -19
-68 -19
-69 -19
-69 -18
-70 -18
-71 -18
-70 -19
-70 -17
-71 -16
-71 -17
-65 -16
-66 -16
-67 -16
-68 -16
-65 -17
-64 -15
-63 -15
-62 -15
-60 -9
-62 -10
-63 -10
-64 -10
-63 -11
-64 -11
-65 -11
-65 -10
-65 -9
-65 -8
-65 -7
-64 -7
-64 -6
-63 -6
-64 -5
-66 -8
-66 -9
-63 -12
-64 -9
-60 -6
-59 -6
-61 0
-62 0
-65 0
-66 0
-66 -1
-65 -1
-67 -1
-67 0
-67 -2
-67 -3
-67 -4
-66 -2
-66 -3
-66 1
-68 1
-68 0
-69 1
-71 2
-71 3
-72 3
-73 3
-73 4
-73 5
-72 5
-72 6
-72 7
-71 7
-71 6
-72 8
-71 8
-71 9
-71 10
-70 10
-70 11
-69 11
-68 11
-67 11
-67 12
-67 13
-70 12
-69 12
-71 12
-71 13
-70 13
-70 14
-71 14
-71 11
-72 11
-72 12
-73 12
-73 13
-72 13
-73 14
-72 14
-72 15
-73 15
-74 15
-75 15
-75 16
-74 16
-73 16
-73 17
-72 17
-71 17
-71 18
-70 18
-69 18
-68 18
-68 19
-68 20
-68 21
-68 22
-69 21
-70 21
-70 22
-71 21
-71 22
-71 23
-72 23
-73 23
-73 24
-73 25
-72 25
-71 25
-70 25
-69 25
-69 26
-68 26
-67 26
-66 26
-66 25
-66 24
-67 24
-68 24
-68 25
-69 24
-68 23
-66 23
-66 22
-65 22
-65 23
-64 23
-63 23
-62 23
-61 23
-60 23
-60 24
-59 24
-59 25
-60 25
-61 25
-61 26
-61 27
-60 27
-59 27
-59 28
-60 28
-61 28
-61 29
-60 29
-59 29
-58 29
-58 28
-58 27
-58 26
-59 26
-59 30
-58 30
-57 30
-57 31
-57 32
-56 32
-56 33
-55 33
-54 33
-54 34
-56 34
-55 34
-55 35
-54 35
-54 36
-53 36
-54 37
-53 37
-52 37
-51 37
-50 37
-49 37
-48 37
-48 38
-47 38
-46 38
-46 39
-46 40
-45 40
-45 39
-44 39
-43 39
-43 40
-42 40
-42 41
-41 41
-41 42
-40 42
-39 42
-40 43
-39 43
-38 43
-38 42
-39 44
-38 44
-37 44
-37 45
-37 46
-38 46
-39 46
-40 46
-41 46
-40 45
-41 45
-42 45
-43 45
-43 46
-43 47
-44 46
-45 46
-45 47
-44 47
-44 48
-44 49
-43 49
-42 49
-41 49
-40 49
-40 48
-40 47
-39 47
-41 47
-41 50
-40 50
-42 50
-42 51
-43 50
-44 50
-45 50
-45 51
-44 51
-45 52
-46 50
-46 51
-45 49
-45 48
-46 48
-46 47
-47 47
-48 47
-46 46
-39 45
-38 45
-40 44
-41 43
-41 44
-42 43
-42 44
-43 44
-43 43
-43 42
-42 42
-43 41
-40 41
-39 41
-39 40
-40 40
-40 39
-39 39
-39 38
-40 38
-41 39
-41 40
-42 39
-43 38
-42 38
-42 37
-43 37
-43 36
-42 36
-41 36
-40 36
-39 36
-38 36
-38 37
-37 37
-37 38
-36 38
-36 39
-35 39
-35 40
-35 41
-35 42
-35 43
-34 43
-34 44
-33 44
-33 43
-33 42
-35 44
-35 45
-35 46
-34 46
-34 47
-33 47
-33 46
-32 46
-31 46
-30 46
-30 47
-29 47
-29 46
-29 45
-28 45
-28 46
-27 46
-26 46
-25 46
-25 47
-24 47
-23 47
-22 47
-22 48
-22 49
-21 49
-20 49
-19 49
-18 49
-17 49
-16 49
-15 49
-15 50
-16 50
-17 48
-18 48
-19 48
-18 47
-18 50
-17 50
-19 50
-20 50
-21 50
-20 48
-21 48
-21 47
-20 47
-21 46
-21 45
-20 45
-20 44
-20 43
-19 43
-18 43
-18 44
-18 45
-17 45
-18 46
-17 46
-21 44
-23 49
-23 50
-24 49
-24 50
-23 48
-24 48
-25 48
-25 49
-26 47
-26 48
-26 49
-27 47
-26 45
-25 45
-26 44
-25 44
-24 44
-23 44
-24 45
-23 45
-23 46
-24 46
-24 43
-26 43
-25 43
-25 42
-24 42
-23 42
-24 41
-25 41
-26 41
-26 40
-26 39
-27 39
-27 40
-27 41
-27 42
-28 42
-28 43
-27 43
-29 42
-29 43
-29 44
-30 43
-29 41
-28 41
-30 41
-30 40
-29 40
-28 40
-28 39
-29 39
-31 40
-30 39
-31 39
-25 40
-24 40
-23 40
-22 40
-21 40
-22 39
-22 38
-23 39
-23 38
-26 42
-28 47
-30 45
-31 45
-30 44
-35 47
-36 47
-37 47
-36 46
-36 45
-36 44
-36 43
-36 42
-37 42
-36 41
-37 41
-36 40
-35 38
-34 38
-34 39
-34 40
-33 40
-32 40
-32 39
-32 38
-31 38
-30 38
-29 38
-29 37
-29 36
-30 36
-31 36
-31 37
-30 37
-31 35
-32 35
-32 36
-33 35
-33 36
-33 37
-32 37
-33 38
-33 39
-32 34
-31 34
-35 37
-36 37
-36 36
-35 36
-37 36
-37 35
-36 35
-35 35
-34 35
-34 34
-33 34
-33 33
-32 33
-34 33
-33 32
-33 31
-32 31
-32 32
-31 32
-30 32
-31 31
-31 30
-31 29
-30 29
-29 29
-29 30
-29 28
-30 30
-30 31
-29 31
-28 31
-28 32
-28 30
-27 30
-26 30
-26 31
-25 31
-25 30
-24 30
-23 30
-22 30
-23 31
-24 31
-24 29
-23 29
-22 29
-22 28
-22 27
-26 32
-27 31
-27 29
-30 28
-30 27
-29 27
-28 27
-28 28
-27 28
-32 29
-33 29
-34 29
-34 30
-35 30
-36 30
-36 31
-35 31
-34 31
-36 32
-37 31
-37 30
-37 29
-38 29
-38 30
-38 31
-38 32
-39 32
-39 33
-39 34
-39 35
-40 35
-41 35
-42 35
-41 34
-42 34
-43 34
-43 35
-44 34
-41 33
-40 33
-40 34
-40 32
-39 31
-39 29
-38 28
-39 28
-39 27
-39 26
-40 26
-39 25
-38 25
-38 26
-40 25
-41 25
-41 26
-41 27
-41 28
-40 24
-39 24
-38 24
-38 27
-36 29
-35 29
-33 28
-32 28
-33 27
-32 27
-31 27
-31 28
-35 34
-36 34
-37 34
-38 34
-37 39
-39 37
-41 37
-41 38
-44 38
-45 38
-46 41
-47 41
-47 42
-48 42
-48 43
-48 44
-48 45
-49 43
-48 41
-49 41
-50 41
-50 42
-51 41
-51 42
-52 42
-52 41
-52 40
-52 39
-52 38
-51 38
-51 40
-50 40
-49 40
-50 39
-49 39
-48 39
-47 39
-48 40
-47 40
-47 37
-46 37
-45 37
-44 37
-44 36
-45 36
-45 35
-45 34
-46 34
-46 35
-46 36
-47 36
-44 35
-48 36
-48 35
-47 35
-47 34
-47 33
-48 34
-50 38
-50 36
-50 35
-49 35
-49 36
-51 35
-51 36
-52 36
-50 34
-53 38
-53 39
-53 40
-53 41
-54 40
-54 41
-54 42
-54 43
-54 44
-53 44
-52 44
-51 44
-50 44
-49 44
-51 43
-52 45
-53 45
-53 46
-52 46
-54 46
-53 43
-52 43
-55 43
-55 44
-55 42
-56 42
-56 41
-55 41
-55 40
-56 40
-54 39
-55 39
-55 38
-54 38
-55 37
-55 36
-56 31
-56 30
-55 30
-54 30
-54 31
-54 32
-53 32
-53 33
-52 33
-51 33
-51 32
-52 32
-52 31
-51 31
-53 31
-53 30
-53 29
-53 28
-52 28
-52 29
-51 29
-51 28
-50 28
-49 28
-48 28
-49 29
-48 29
-48 30
-48 31
-47 31
-46 31
-46 30
-46 29
-46 28
-45 28
-45 29
-45 27
-44 27
-43 27
-42 27
-42 28
-42 29
-41 29
-40 29
-40 30
-39 30
-42 30
-42 31
-41 31
-40 31
-42 32
-42 33
-43 32
-43 31
-44 31
-43 30
-44 30
-43 29
-43 28
-44 26
-43 26
-45 26
-46 26
-47 26
-47 27
-46 27
-47 28
-48 27
-49 27
-48 26
-48 25
-47 25
-47 24
-48 24
-48 23
-49 23
-49 24
-50 24
-50 25
-51 24
-51 25
-51 26
-50 26
-49 26
-52 26
-52 25
-53 25
-53 26
-47 23
-46 23
-45 23
-45 24
-45 25
-44 25
-46 24
-46 25
-45 22
-45 21
-46 22
-46 21
-49 25
-47 32
-48 32
-48 33
-49 33
-50 33
-49 32
-50 29
-50 30
-50 31
-49 31
-49 30
-50 32
-51 30
-51 27
-53 27
-52 27
-54 27
-54 26
-54 25
-54 24
-53 24
-53 23
-55 24
-56 24
-57 24
-57 25
-58 25
-58 24
-58 23
-58 22
-57 22
-59 22
-59 23
-60 22
-61 22
-60 21
-59 21
-58 21
-57 23
-56 23
-55 23
-54 23
-56 22
-56 21
-57 21
-54 29
-54 28
-57 33
-57 34
-57 35
-56 35
-56 36
-57 36
-58 35
-58 36
-58 37
-57 37
-57 38
-56 38
-56 39
-57 39
-56 37
-59 37
-59 36
-59 35
-60 35
-58 34
-59 34
-58 33
-59 33
-58 32
-59 32
-60 32
-61 32
-62 32
-61 31
-62 31
-63 31
-63 30
-64 30
-64 29
-63 29
-65 29
-65 28
-66 28
-67 28
-67 27
-65 27
-64 28
-63 28
-62 28
-63 27
-63 26
-62 26
-62 25
-62 24
-61 24
-64 26
-63 25
-64 25
-64 24
-65 24
-61 30
-62 30
-59 31
-58 31
-60 31
-60 30
-60 26
-63 24
-63 22
-62 22
-64 22
-64 21
-63 21
-63 20
-62 20
-65 21
-67 22
-67 23
-67 21
-66 21
-67 25
-68 27
-70 26
-70 27
-71 26
-71 24
-72 26
-73 26
-73 27
-74 27
-72 24
-74 24
-74 25
-73 22
-74 22
-75 22
-75 23
-76 23
-76 22
-76 21
-75 21
-72 22
-72 21
-73 21
-74 21
-74 20
-74 19
-75 19
-76 19
-74 18
-75 18
-75 17
-74 17
-72 20
-71 20
-70 20
-70 19
-69 19
-70 17
-69 17
-69 16
-68 16
-67 16
-66 16
-65 16
-65 17
-65 18
-65 19
-65 20
-64 20
-64 19
-63 19
-62 19
-66 17
-66 18
-67 18
-67 17
-67 15
-68 15
-69 15
-69 14
-69 13
-68 17
-70 16
-72 18
-73 18
-76 16
-77 16
-78 16
-78 17
-77 17
-77 18
-76 18
-77 19
-77 20
-76 20
-75 20
-77 21
-78 20
-78 21
-78 22
-77 22
-77 23
-77 24
-77 25
-78 23
-79 23
-80 23
-81 23
-81 24
-82 24
-82 25
-81 25
-83 24
-83 25
-83 26
-83 27
-82 27
-81 27
-80 27
-81 28
-81 29
-81 30
-81 31
-80 31
-80 32
-80 33
-79 33
-79 34
-78 34
-78 33
-77 33
-76 33
-76 34
-76 35
-76 36
-77 36
-77 37
-76 37
-75 37
-74 37
-73 37
-73 36
-74 36
-75 36
-74 38
-73 38
-72 38
-73 39
-72 39
-74 39
-74 40
-73 40
-72 40
-73 41
-72 41
-72 42
-72 43
-71 43
-71 44
-70 44
-69 44
-68 44
-67 44
-67 43
-66 43
-67 42
-68 42
-68 43
-69 42
-69 43
-69 41
-70 41
-70 42
-71 42
-71 41
-70 40
-71 40
-70 39
-69 39
-68 39
-68 40
-67 40
-67 41
-69 40
-68 38
-69 38
-70 38
-71 38
-71 39
-71 37
-72 37
-71 36
-70 36
-70 35
-71 35
-72 35
-72 34
-71 34
-68 37
-68 36
-69 36
-69 37
-70 37
-69 35
-68 35
-67 35
-66 35
-65 35
-66 36
-66 37
-65 37
-65 36
-64 36
-63 36
-62 36
-62 35
-61 35
-61 36
-63 35
-64 35
-62 34
-61 34
-60 34
-62 33
-63 37
-62 37
-64 37
-66 38
-67 38
-67 37
-67 36
-67 34
-66 34
-68 34
-68 33
-67 33
-67 32
-68 32
-69 32
-69 31
-68 31
-67 31
-66 31
-65 31
-65 30
-66 30
-67 30
-68 30
-68 29
-69 29
-69 28
-68 28
-70 28
-70 29
-70 30
-70 31
-70 32
-70 33
-69 33
-70 34
-71 33
-72 33
-72 32
-73 32
-74 32
-74 33
-73 33
-75 33
-75 32
-75 31
-76 31
-76 32
-77 31
-77 32
-78 31
-78 32
-79 32
-79 31
-79 30
-78 30
-77 30
-76 30
-77 29
-77 28
-76 28
-76 27
-75 27
-75 26
-74 26
-76 26
-77 26
-77 27
-78 26
-78 25
-79 25
-79 24
-78 24
-75 25
-76 25
-79 29
-78 29
-78 28
-80 29
-80 30
-80 28
-79 28
-75 30
-74 30
-74 31
-74 29
-75 29
-75 28
-74 28
-71 32
-71 31
-72 31
-72 30
-71 30
-71 28
-72 28
-72 29
-73 29
-73 28
-72 27
-71 27
-69 27
-66 29
-69 34
-68 41
-72 44
-73 44
-73 45
-74 45
-75 45
-76 45
-76 46
-76 47
-75 47
-75 46
-76 44
-76 43
-76 42
-75 42
-75 43
-74 43
-74 42
-75 44
-74 44
-77 42
-77 43
-77 44
-77 45
-78 45
-78 46
-77 46
-79 46
-79 45
-80 45
-80 46
-80 47
-81 47
-81 48
-80 48
-79 48
-82 47
-83 47
-83 46
-81 46
-82 46
-79 44
-79 43
-78 43
-80 43
-81 43
-82 43
-82 44
-81 44
-82 45
-83 45
-84 45
-84 46
-85 46
-86 46
-86 45
-85 45
-87 45
-88 45
-88 46
-88 47
-89 46
-90 46
-91 46
-92 46
-92 47
-91 47
-90 47
-92 48
-92 49
-91 49
-90 49
-89 49
-88 49
-88 50
-88 51
-88 52
-88 53
-88 54
-87 54
-87 53
-86 53
-85 53
-84 53
-85 52
-84 52
-83 52
-82 52
-84 51
-83 51
-82 51
-83 50
-83 49
-84 50
-85 51
-85 50
-86 50
-87 50
-87 51
-87 49
-85 49
-85 48
-84 48
-85 47
-86 47
-89 52
-90 52
-90 53
-91 52
-89 51
-89 50
-90 48
-89 48
-88 48
-87 48
-87 47
-91 48
-91 50
-90 50
-91 51
-92 50
-92 51
-92 52
-93 52
-93 51
-93 50
-93 49
-93 46
-94 46
-94 47
-94 48
-94 49
-94 50
-95 46
-94 45
-93 45
-95 45
-96 45
-96 46
-96 44
-95 44
-94 44
-93 44
-93 43
-92 43
-91 43
-91 44
-90 44
-89 44
-90 45
-89 45
-91 45
-92 45
-90 43
-92 44
-93 42
-94 42
-94 43
-95 42
-95 43
-96 43
-96 42
-83 44
-83 43
-83 42
-84 42
-84 43
-84 44
-84 41
-83 41
-85 41
-86 41
-86 42
-86 43
-85 43
-85 42
-87 43
-87 42
-87 41
-88 41
-88 42
-89 42
-90 42
-90 41
-89 41
-91 41
-90 40
-89 40
-89 39
-88 39
-87 39
-86 39
-85 39
-85 40
-86 40
-87 40
-86 38
-86 37
-87 37
-88 37
-88 38
-87 38
-89 38
-89 37
-90 37
-90 38
-87 36
-88 40
-90 39
-91 39
-91 40
-92 40
-92 39
-93 39
-93 40
-93 41
-92 41
-92 38
-93 38
-91 38
-81 42
-80 42
-79 42
-82 42
-78 44
-76 41
-75 41
-74 41
-76 40
-75 40
-77 40
-77 41
-78 41
-78 42
-78 40
-79 40
-80 40
-80 41
-81 40
-82 40
-83 40
-84 40
-84 39
-83 39
-82 39
-81 39
-81 38
-82 38
-83 38
-84 38
-83 37
-84 37
-84 36
-85 36
-86 36
-86 35
-87 35
-88 35
-88 36
-89 36
-90 36
-91 36
-91 35
-92 35
-92 36
-92 37
-93 37
-93 35
-94 35
-93 34
-94 34
-92 34
-91 34
-90 34
-89 34
-89 35
-90 35
-89 33
-89 32
-89 31
-88 31
-88 32
-86 34
-85 34
-85 35
-85 33
-86 33
-87 33
-87 34
-82 37
-81 37
-80 39
-79 39
-78 39
-78 38
-77 38
-76 38
-76 39
-77 39
-79 38
-79 37
-79 36
-79 35
-75 39
-75 38
-78 37
-78 36
-78 35
-77 35
-77 34
-81 32
-81 33
-82 33
-82 34
-81 34
-82 32
-83 32
-82 31
-82 30
-82 29
-82 28
-83 28
-84 28
-84 29
-83 29
-84 30
-85 30
-85 31
-84 31
-83 31
-84 32
-86 31
-87 31
-87 32
-86 32
-85 32
-86 30
-87 30
-88 30
-88 29
-88 28
-89 28
-89 29
-89 30
-88 27
-85 29
-86 29
-87 29
-85 28
-85 27
-84 27
-86 27
-86 28
-87 27
-81 26
-82 26
-84 26
-85 26
-85 25
-84 25
-84 24
-85 24
-83 23
-83 22
-82 23
-81 22
-82 22
-81 21
-80 21
-80 22
-79 22
-79 21
-79 20
-79 19
-78 19
-78 18
-79 17
-79 16
-79 15
-80 15
-80 16
-80 17
-80 18
-79 18
-80 19
-80 20
-81 19
-81 18
-82 18
-82 17
-83 17
-83 18
-83 19
-82 19
-82 20
-81 20
-82 21
-83 20
-84 20
-84 21
-85 21
-86 21
-86 20
-86 19
-86 18
-87 18
-87 19
-87 17
-88 17
-88 18
-89 18
-88 16
-89 16
-89 17
-88 15
-87 15
-86 15
-85 15
-85 16
-84 16
-84 15
-83 15
-83 14
-82 14
-81 14
-81 15
-81 16
-82 16
-83 16
-84 14
-85 14
-86 16
-87 16
-87 14
-87 13
-86 13
-88 13
-88 12
-87 12
-87 11
-88 11
-88 10
-89 10
-90 10
-90 11
-90 12
-91 12
-91 13
-90 13
-89 13
-89 12
-90 14
-89 14
-88 14
-89 15
-91 14
-92 13
-93 13
-94 13
-95 13
-95 14
-93 12
-92 12
-91 10
-91 11
-92 10
-93 10
-93 11
-92 11
-94 11
-94 12
-94 10
-95 10
-95 11
-96 11
-96 10
-97 10
-98 10
-98 9
-99 9
-99 10
-99 8
-98 8
-98 7
-97 7
-97 6
-98 6
-99 6
-99 7
-97 5
-96 5
-95 5
-96 4
-97 4
-97 9
-96 9
-96 8
-96 7
-97 8
-93 9
-92 9
-91 9
-90 9
-89 9
-87 10
-86 17
-85 20
-85 19
-85 18
-84 18
-84 19
-84 17
-85 17
-81 17
-79 14
-78 14
-78 15
-79 13
-80 13
-79 12
-80 12
-81 12
-81 13
-82 13
-82 12
-79 11
-78 11
-75 14
-74 14
-74 13
-75 13
-76 13
-77 13
-77 12
-76 12
-77 11
-74 12
-75 12
-70 9
-72 10
-73 10
-73 11
-74 11
-74 10
-75 10
-76 10
-77 10
-78 10
-79 10
-80 10
-80 11
-81 10
-81 11
-82 11
-79 9
-78 9
-78 8
-77 9
-77 8
-77 7
-76 7
-75 7
-74 7
-74 6
-73 6
-73 7
-73 8
-74 5
-75 5
-75 8
-74 8
-75 9
-76 8
-75 6
-77 6
-76 6
-78 6
-78 7
-79 7
-79 8
-79 6
-77 5
-76 5
-76 4
-75 4
-77 4
-76 3
-76 9
-74 9
-73 9
-72 9
-74 3
-74 4
-72 2
-73 2
-74 2
-75 2
-75 3
-72 1
-71 1
-70 1
-70 0
-69 0
-71 0
-72 0
-72 -1
-71 -1
-70 -1
-69 -1
-68 -1
-68 -2
-69 -2
-68 3
-67 3
-57 -2
-56 -2
-55 -8
-55 -10
-55 -9
-56 -10
-56 -9
-57 -9
-58 -9
-58 -10
-57 -10
-56 -11
-55 -11
-53 -12
-52 -12
-52 -13
-52 -14
-51 -14
-51 -13
-50 -13
-49 -13
-48 -13
-47 -13
-47 -12
-48 -12
-49 -12
-49 -11
-48 -11
-50 -11
-50 -10
-49 -10
-48 -10
-47 -10
-47 -11
-48 -9
-47 -9
-46 -9
-46 -10
-45 -10
-45 -11
-44 -11
-46 -11
-45 -12
-49 -9
-49 -8
-50 -8
-50 -7
-50 -9
-48 -14
-47 -14
-46 -14
-47 -15
-46 -15
-45 -15
-46 -16
-45 -16
-44 -16
-43 -16
-42 -16
-41 -16
-41 -15
-42 -15
-42 -14
-41 -14
-40 -14
-39 -14
-40 -13
-40 -12
-39 -12
-38 -12
-38 -11
-37 -11
-37 -10
-37 -12
-37 -13
-38 -13
-39 -11
-39 -10
-40 -11
-39 -13
-40 -15
-41 -13
-41 -12
-41 -11
-41 -17
-42 -17
-43 -17
-44 -17
-44 -18
-43 -18
-42 -18
-41 -18
-40 -18
-40 -17
-39 -17
-38 -17
-38 -18
-39 -18
-39 -19
-38 -19
-37 -19
-37 -20
-36 -20
-36 -19
-36 -21
-35 -21
-34 -21
-34 -22
-33 -22
-32 -22
-33 -21
-33 -20
-35 -20
-35 -19
-35 -18
-37 -21
-37 -22
-38 -22
-38 -21
-39 -21
-40 -21
-40 -20
-39 -20
-38 -20
-40 -22
-39 -22
-41 -22
-41 -23
-40 -23
-40 -24
-40 -25
-38 -23
-37 -23
-37 -24
-36 -24
-35 -24
-37 -25
-38 -24
-39 -24
-39 -23
-36 -22
-36 -23
-40 -16
-41 -19
-41 -20
-42 -20
-43 -20
-44 -20
-44 -21
-43 -21
-43 -22
-42 -22
-42 -23
-44 -22
-43 -23
-45 -18
-46 -18
-46 -19
-45 -19
-44 -19
-43 -15
-44 -15
-47 -16
-48 -15
-49 -14
-50 -14
-51 -15
-50 -15
-50 -16
-49 -16
-51 -16
-51 -17
-52 -15
-52 -16
-52 -17
-52 -18
-56 -12
-57 -12
-56 -13
-56 -14
-57 -14
-57 -13
-56 -15
-56 -21
-57 -21
-58 -21
-58 -20
-57 -20
-58 -22
-57 -22
-56 -22
-56 -23
-57 -23
-56 -24
-55 -24
-54 -24
-54 -25
-55 -25
-57 -24
-58 -24
-58 -23
-58 -25
-57 -25
-57 -26
-58 -26
-59 -26
-59 -25
-59 -27
-58 -27
-57 -27
-58 -28
-59 -28
-59 -22
-60 -22
-54 -21
-53 -25
-52 -25
-49 -26
-48 -26
-47 -26
-48 -27
-49 -27
-50 -27
-50 -26
-51 -26
-52 -26
-53 -26
-54 -26
-54 -27
-53 -27
-53 -28
-55 -27
-55 -26
-56 -26
-56 -25
-56 -27
-55 -28
-54 -28
-55 -29
-56 -29
-52 -27
-51 -27
-51 -28
-52 -28
-52 -29
-51 -29
-52 -30
-51 -30
-52 -31
-53 -31
-53 -30
-50 -28
-50 -29
-49 -29
-48 -29
-48 -30
-47 -30
-49 -30
-49 -28
-50 -30
-48 -28
-45 -26
-44 -26
-43 -26
-43 -27
-42 -27
-42 -28
-41 -28
-41 -27
-40 -27
-40 -28
-41 -29
-40 -29
-42 -29
-43 -29
-43 -28
-43 -30
-42 -30
-42 -31
-41 -31
-41 -30
-46 -26
-45 -27
-44 -27
-44 -28
-45 -28
-45 -29
-46 -29
-46 -28
-47 -29
-47 -28
-47 -27
-46 -30
-45 -30
-45 -31
-46 -31
-47 -31
-48 -31
-49 -31
-47 -32
-48 -32
-48 -33
-47 -33
-49 -33
-49 -32
-50 -33
-50 -32
-50 -31
-51 -31
-51 -33
-50 -34
-51 -34
-50 -35
-50 -36
-50 -37
-49 -37
-49 -36
-49 -35
-48 -35
-47 -35
-48 -34
-49 -34
-48 -36
-47 -36
-46 -36
-46 -37
-48 -37
-47 -37
-44 -29
-44 -30
-44 -31
-38 -29
-33 -28
-32 -28
-31 -28
-30 -28
-29 -28
-28 -28
-28 -29
-29 -29
-28 -30
-27 -30
-26 -30
-25 -30
-25 -29
-25 -28
-24 -28
-24 -29
-25 -27
-24 -27
-23 -27
-22 -27
-21 -27
-20 -27
-20 -28
-21 -28
-23 -28
-26 -28
-27 -28
-27 -27
-27 -29
-26 -29
-25 -31
-24 -31
-24 -32
-23 -32
-22 -32
-21 -32
-21 -33
-22 -33
-23 -33
-23 -34
-24 -33
-26 -31
-27 -31
-28 -31
-29 -30
-31 -29
-31 -30
-31 -31
-32 -31
-32 -30
-32 -29
-33 -29
-34 -29
-33 -31
-33 -30
-32 -32
-31 -32
-30 -32
-29 -32
-28 -32
-28 -33
-27 -33
-27 -32
-26 -32
-30 -33
-31 -33
-32 -33
-23 -26
-19 -27
-19 -28
-19 -29
-19 -30
-18 -30
-20 -30
-20 -29
-21 -30
-21 -31
-20 -31
-19 -31
-15 -21
-14 -21
-13 -13
-12 -13
-14 -15
-14 -7
-13 -4
-12 -4
-15 -3
-15 -2
-14 -2
-13 -2
-12 -2
-12 -1
-13 -1
-13 -3
-14 -3
-15 -1
-14 -1
-14 0
-15 0
-15 1
-14 1
-15 2
-15 3
-14 3
-14 2
-13 2
-12 2
-12 1
-12 0
-13 0
-13 1
-15 4
-16 1
-16 2
-17 2
-16 0
-16 -1
-16 -2
-16 -3
-17 -3
-17 -4
-17 -7
-16 -7
-16 -8
-17 -8
-18 -7
-19 -7
-19 -8
-18 -8
-20 -7
-21 -7
-21 -6
-22 -6
-22 -5
-21 -5
-22 -4
-23 -4
-23 -3
-24 -4
-25 -4
-25 -5
-24 -5
-23 -5
-23 -6
-25 -6
-24 -6
-24 -7
-25 -7
-25 -8
-26 -8
-27 -8
-28 -8
-28 -7
-27 -7
-26 -7
-26 -6
-27 -6
-27 -5
-29 -7
-29 -6
-30 -6
-31 -6
-31 -5
-32 -5
-32 -4
-31 -4
-33 -4
-34 -4
-33 -5
-34 -5
-35 -5
-36 -5
-36 -4
-37 -4
-37 -3
-37 -2
-37 -1
-37 0
-36 0
-38 -1
-38 0
-39 -1
-40 -1
-40 0
-39 0
-39 1
-41 -1
-41 0
-42 0
-42 -1
-43 -1
-44 -1
-44 0
-45 0
-46 0
-46 1
-45 1
-46 2
-46 3
-45 3
-45 4
-44 4
-43 4
-42 4
-42 5
-42 6
-42 7
-41 7
-40 7
-40 6
-39 6
-39 5
-38 5
-39 4
-38 4
-37 4
-37 5
-36 5
-38 3
-38 2
-39 2
-40 2
-41 2
-41 3
-41 4
-40 4
-40 5
-41 5
-41 6
-40 1
-41 1
-38 1
-37 1
-36 1
-36 2
-35 2
-35 3
-35 4
-34 4
-33 4
-33 3
-33 2
-32 2
-32 3
-31 3
-31 4
-30 4
-29 4
-29 3
-29 2
-28 2
-28 3
-27 3
-28 4
-27 4
-26 4
-25 4
-25 3
-24 3
-26 3
-28 5
-28 1
-27 1
-27 0
-28 0
-29 0
-29 1
-30 0
-28 -1
-27 -1
-27 -2
-30 5
-30 6
-31 6
-31 7
-30 7
-31 8
-30 8
-30 9
-31 9
-31 10
-30 10
-31 11
-31 12
-30 12
-29 12
-28 12
-27 12
-29 13
-28 13
-28 14
-27 14
-26 14
-26 13
-25 13
-24 13
-23 13
-23 14
-22 14
-22 15
-22 16
-23 15
-22 13
-22 12
-21 12
-20 12
-21 11
-20 11
-22 11
-22 10
-23 12
-25 14
-24 14
-27 13
-30 13
-31 13
-32 13
-32 14
-31 14
-30 14
-29 14
-29 15
-29 16
-29 17
-29 18
-28 18
-27 18
-30 18
-31 18
-30 17
-31 17
-31 16
-30 16
-32 16
-33 16
-31 15
-32 15
-30 15
-33 14
-32 12
-32 7
-33 7
-33 8
-34 7
-34 8
-35 7
-34 6
-35 6
-36 6
-36 7
-36 8
-37 8
-37 7
-38 7
-38 8
-38 9
-38 10
-37 10
-36 10
-35 10
-34 10
-33 10
-32 10
-32 11
-33 9
-32 9
-35 11
-36 11
-35 9
-34 9
-36 9
-35 8
-37 11
-38 11
-38 12
-37 12
-38 13
-37 13
-37 14
-36 14
-36 15
-35 15
-36 16
-37 15
-38 14
-39 12
-37 9
-38 6
-37 6
-34 5
-35 5
-33 6
-32 6
-31 5
-32 5
-33 5
-32 4
-31 2
-30 2
-30 3
-34 2
-34 3
-34 1
-36 4
-36 3
-37 3
-37 2
-35 1
-41 8
-43 7
-43 8
-42 8
-44 7
-44 6
-43 6
-43 5
-44 5
-45 6
-45 7
-46 7
-46 6
-47 6
-47 7
-48 7
-48 8
-48 9
-49 9
-49 10
-50 10
-51 10
-52 10
-52 9
-53 9
-53 10
-53 11
-53 12
-53 13
-52 13
-51 13
-51 12
-50 12
-49 12
-49 13
-49 14
-48 14
-50 13
-49 11
-48 11
-47 11
-46 11
-46 12
-45 12
-45 13
-46 13
-45 11
-45 10
-47 12
-47 13
-47 14
-47 15
-46 15
-46 14
-48 13
-48 12
-50 11
-51 11
-52 11
-54 12
-54 11
-54 10
-55 10
-55 9
-55 8
-54 8
-53 8
-53 7
-52 7
-52 6
-51 6
-51 5
-50 5
-50 6
-49 6
-48 6
-48 5
-49 5
-50 4
-50 3
-49 3
-48 3
-48 4
-47 4
-46 4
-49 4
-49 2
-48 2
-47 2
-47 3
-47 1
-47 0
-47 -1
-48 -1
-48 -2
-48 -3
-51 3
-51 4
-54 7
-54 9
-56 8
-55 7
-55 6
-54 6
-54 5
-54 4
-54 3
-55 3
-56 3
-56 4
-57 4
-57 3
-56 6
-56 7
-55 5
-55 4
-52 8
-51 8
-50 8
-49 8
-49 7
-50 9
-51 9
-47 5
-42 3
-42 2
-43 2
-43 3
-42 1
-46 -1
-46 -2
-46 -3
-45 -3
-45 -2
-44 -2
-43 -2
-42 -2
-43 -3
-45 -1
-45 -4
-45 -5
-46 -4
-41 -2
-40 -2
-39 -2
-39 -3
-38 -3
-38 -2
-38 -4
-37 -5
-38 -5
-39 -5
-36 -6
-34 -6
-33 -6
-32 -6
-32 -7
-31 -7
-30 -7
-31 -8
-30 -8
-29 -8
-33 -7
-34 -7
-35 -7
-36 -7
-36 -8
-37 -8
-35 -8
-34 -8
-33 -8
-34 -9
-32 -8
-32 -9
-33 -9
-32 -10
-28 -9
-27 -9
-26 -9
-25 -9
-25 -10
-25 -11
-26 -10
-27 -10
-27 -11
-26 -11
-27 -12
-26 -12
-25 -12
-24 -12
-23 -12
-23 -11
-25 -13
-25 -14
-24 -14
-23 -14
-22 -14
-21 -14
-20 -14
-19 -14
-19 -13
-18 -13
-19 -12
-19 -11
-18 -11
-18 -12
-19 -10
-20 -11
-20 -10
-20 -12
-20 -13
-21 -13
-24 -13
-23 -13
-22 -13
-26 -14
-27 -13
-26 -13
-29 -9
-29 -10
-28 -10
-28 -11
-29 -11
-30 -11
-31 -11
-30 -10
-22 0
-23 0
-24 0
-23 3
-22 3
-21 3
-20 3
-19 3
-22 2
-23 2
-17 4
-17 3
-16 3
-20 7
-20 6
-16 5
-16 4
-9 -2
-6 -7
-3 -5
-2 -6
-3 -6
-2 -7
-3 -7
-2 -8
1 -11
2 -11
1 -12
2 -12
2 -13
1 -13
3 -11
4 -11
5 -11
6 -11
7 -11
7 -10
8 -10
9 -10
10 -10
10 -9
11 -9
11 -8
10 -8
10 -7
10 -11
11 -11
11 -10
9 -11
8 -11
8 -9
9 -9
7 -12
7 -13
8 -13
8 -14
6 -13
5 -13
5 -12
4 -12
3 -12
3 -13
4 -13
4 -14
5 -9
2 -7
5 7
5 8
4 8
6 5
5 5
5 4
3 6
3 7
4 7
2 7
2 6
1 6
1 5
0 5
-1 5
-1 6
0 6
0 7
1 7
0 8
1 8
0 9
1 9
1 10
1 11
2 11
2 12
1 12
0 12
0 11
-1 11
-1 10
0 10
-2 10
-2 11
-3 11
-3 10
-4 10
-5 10
-4 9
-2 9
-1 9
-1 8
-3 9
2 10
2 9
3 9
4 9
4 10
5 10
6 10
7 10
7 11
6 11
5 11
4 11
7 9
7 8
6 8
3 10
3 8
2 8
-1 7
2 5
3 3
0 1
-1 1
-1 2
-2 2
-2 3
-1 3
-2 4
-2 5
-3 3
-3 2
-4 2
