4568
0 0
0 1
0 2
1 2
2 2
3 2
3 3
4 3
4 2
3 4
4 4
4 5
2 4
2 5
2 3
1 1
-1 0
-1 1
-2 1
-3 1
-3 2
-3 3
-3 4
-3 5
-2 5
-2 6
-3 6
-3 7
-2 7
-2 8
-4 7
-5 7
-5 8
-5 9
-4 9
-4 10
-3 10
-3 9
-2 9
-1 9
0 9
1 9
2 9
3 9
3 8
4 8
4 7
5 7
6 7
6 8
7 8
6 6
7 6
5 6
6 5
5 5
5 4
6 4
6 3
5 3
5 2
5 1
6 1
7 1
6 2
6 0
5 0
6 -1
5 8
5 9
5 10
5 11
5 12
4 11
4 10
4 9
2 8
2 7
3 7
3 6
4 6
3 5
1 8
0 8
-1 10
-1 11
0 11
1 11
1 10
2 10
2 11
3 11
3 12
4 12
4 13
5 13
4 14
5 14
6 14
7 14
7 13
6 13
6 12
6 11
7 11
7 12
8 12
9 12
9 13
10 13
9 14
9 15
9 16
8 16
8 17
8 18
9 18
9 19
8 19
8 20
9 20
9 21
10 21
10 20
11 20
11 19
12 19
12 20
12 21
12 22
12 23
13 23
13 24
12 24
11 24
11 25
10 25
10 24
10 23
9 23
9 24
8 24
8 23
7 23
6 23
6 22
7 22
8 22
9 22
10 22
11 22
11 21
7 21
6 21
5 21
4 21
4 22
3 21
2 21
2 22
2 23
3 23
3 24
4 24
4 23
3 25
3 26
3 22
1 22
1 23
1 24
1 25
1 26
1 27
1 28
1 29
2 29
2 30
2 31
3 31
3 32
4 32
5 32
6 32
7 32
7 33
7 34
8 34
6 33
6 34
6 35
7 35
7 36
6 36
6 37
5 37
4 37
4 38
5 38
6 38
7 38
8 38
8 39
9 39
10 39
11 39
11 38
12 38
13 38
14 38
14 37
14 36
13 36
14 35
15 35
13 35
12 39
13 39
12 37
12 36
12 35
11 35
11 36
11 37
10 36
10 35
9 35
8 35
8 36
9 36
9 37
9 38
10 38
10 37
8 37
7 37
9 34
9 33
8 33
9 32
10 34
11 34
12 34
12 33
12 32
11 33
10 33
10 32
11 32
10 31
11 31
12 31
13 31
14 31
15 31
15 32
15 33
16 33
16 34
15 34
14 33
14 32
13 32
15 30
15 29
16 29
16 28
17 28
18 28
18 27
19 27
20 27
17 27
16 27
15 27
15 26
16 26
16 25
17 25
18 25
18 26
19 26
20 26
21 26
22 26
22 25
22 24
23 24
23 25
23 23
24 23
24 22
23 22
23 21
21 27
21 25
19 25
20 25
17 26
15 25
16 24
17 24
16 23
17 23
17 22
18 22
19 22
19 21
19 20
20 20
21 20
21 21
21 22
22 22
21 23
21 24
20 24
20 23
19 23
18 23
18 24
20 22
20 21
21 19
22 19
22 18
21 18
18 20
18 21
17 21
16 21
15 21
16 20
16 19
16 18
17 18
15 18
15 17
14 17
14 16
15 16
16 16
17 16
18 16
18 17
18 18
19 18
20 18
20 19
19 19
19 17
20 17
21 17
22 17
23 17
24 17
24 18
24 19
24 20
24 21
25 21
25 20
26 20
27 20
28 20
29 20
30 20
29 21
30 21
30 22
31 22
31 23
31 24
30 24
29 24
29 25
30 25
29 26
29 27
30 27
31 27
32 27
33 27
34 27
34 26
35 26
36 26
36 27
34 25
34 24
33 24
32 24
32 23
32 28
33 28
34 28
35 28
36 28
36 29
37 29
38 29
38 30
38 31
38 32
39 32
40 32
41 32
42 32
42 33
41 33
41 34
42 34
43 34
44 34
45 34
46 34
46 35
47 35
46 36
45 36
45 35
44 35
44 36
43 36
43 37
43 38
44 38
44 37
45 37
46 37
47 37
46 38
47 38
48 38
48 39
48 40
49 40
49 39
50 39
50 40
51 40
51 41
52 41
52 40
53 40
53 41
54 41
55 41
56 41
56 40
57 40
58 40
59 40
58 39
59 39
60 39
60 38
59 38
58 38
57 38
57 39
56 39
56 38
55 38
55 39
55 40
54 40
54 39
53 39
52 39
54 38
53 38
53 37
54 37
59 37
59 36
59 35
59 34
60 34
60 33
58 34
57 34
58 33
59 33
60 37
61 37
61 38
61 36
62 36
63 36
63 37
63 38
64 38
65 38
66 38
66 39
67 39
68 39
69 39
70 39
71 39
72 39
73 39
74 39
75 39
76 39
76 40
76 41
77 41
78 41
78 42
77 42
75 41
74 41
74 40
75 40
74 38
74 37
73 37
73 38
74 36
73 36
72 36
72 37
72 38
71 38
71 37
71 36
70 36
70 37
69 37
69 38
68 37
67 37
66 37
69 36
69 35
70 35
71 35
71 34
70 34
69 34
68 34
68 33
69 33
70 33
70 32
71 32
71 33
72 33
72 34
73 34
74 34
72 35
73 35
74 35
72 40
73 40
73 41
73 42
72 41
72 42
72 43
73 43
71 40
71 41
71 42
71 43
71 44
72 44
71 45
71 46
70 46
70 45
70 44
70 43
69 43
69 44
69 45
68 44
68 45
68 46
68 47
68 48
68 49
69 49
69 50
68 50
68 51
69 51
70 51
70 52
70 53
71 53
72 53
73 53
74 53
75 53
75 54
75 55
76 55
74 54
73 54
72 54
72 55
71 55
70 55
70 56
69 55
71 54
74 52
73 52
73 51
72 51
72 52
71 52
72 50
73 50
71 50
71 51
70 50
70 49
70 48
70 47
71 47
71 48
69 47
69 48
72 49
72 48
73 48
74 48
74 47
74 46
75 46
76 46
76 45
75 45
73 46
73 45
74 45
73 44
74 44
75 44
74 43
73 49
72 47
72 46
69 52
67 51
67 52
67 53
67 54
67 55
66 54
66 55
65 55
65 54
65 53
64 53
64 54
64 55
63 55
63 56
64 56
65 56
66 56
66 57
65 57
65 58
65 59
66 59
66 60
66 58
65 60
64 60
63 60
63 61
62 60
63 59
64 59
64 58
64 57
63 58
63 54
62 54
62 55
61 54
61 55
60 55
60 56
61 56
61 57
62 57
63 57
62 58
61 58
60 58
62 56
60 54
61 53
60 53
60 52
61 52
62 53
62 52
63 52
64 52
65 52
66 52
66 53
63 53
66 51
65 51
64 51
64 50
65 50
65 49
66 49
66 50
65 48
64 48
67 49
67 48
67 47
66 47
65 47
64 47
64 46
65 46
65 45
66 46
67 44
67 43
68 43
70 42
69 42
69 41
69 40
70 40
68 40
70 41
70 38
68 38
66 40
66 41
66 42
65 41
64 41
64 40
63 40
64 39
65 39
65 40
63 39
65 37
64 37
65 36
66 36
67 36
67 35
68 35
66 35
65 35
62 38
63 35
62 35
62 34
61 34
61 35
62 33
63 33
63 32
64 32
64 33
64 34
65 34
64 35
63 34
61 33
62 37
60 36
60 35
55 42
55 43
55 44
54 42
54 43
54 44
54 45
55 45
55 46
55 47
56 47
55 48
56 48
54 48
54 49
54 50
55 50
56 50
57 50
57 51
56 51
55 51
55 49
54 51
53 51
52 51
53 49
52 49
52 50
53 48
52 48
54 47
54 46
53 46
52 46
51 46
51 47
52 47
53 47
53 45
53 43
53 44
52 43
52 44
52 45
51 44
51 43
51 42
52 42
53 42
50 41
50 42
49 41
50 38
51 38
51 39
50 37
50 36
51 36
50 35
51 35
51 34
52 34
52 35
52 33
53 33
52 32
53 32
53 31
53 30
54 30
55 30
55 29
55 28
56 28
56 29
57 29
58 29
58 30
59 30
60 30
60 29
61 29
61 30
61 28
61 27
62 27
62 28
62 29
63 29
64 29
64 30
63 30
62 30
62 31
63 31
62 32
61 32
60 32
59 32
61 31
64 28
65 28
62 26
61 26
61 25
61 24
62 24
63 24
63 23
62 23
61 23
62 25
63 25
60 24
60 25
59 24
59 25
59 23
60 23
60 28
59 28
59 29
59 27
60 27
58 31
59 31
57 31
57 32
57 33
57 30
57 28
58 28
58 27
57 27
56 27
55 27
55 26
54 26
54 27
53 27
53 28
52 28
52 29
53 29
52 30
52 31
51 30
51 29
50 29
50 30
50 31
51 31
51 32
51 33
49 30
49 31
48 31
47 31
47 32
47 33
46 33
45 33
44 33
45 32
46 32
47 30
46 30
46 29
47 29
48 29
48 28
49 28
47 28
48 27
47 27
46 27
46 28
45 28
45 27
44 27
44 28
44 29
44 26
43 26
42 26
42 27
43 27
43 28
43 29
42 29
41 29
41 28
40 28
42 28
41 26
41 27
40 27
40 26
39 26
39 27
38 27
38 28
37 27
39 25
40 25
41 25
42 25
38 25
38 26
37 25
36 25
36 24
35 24
35 25
35 23
36 23
37 23
38 23
37 24
37 22
34 23
38 24
39 24
40 24
45 29
45 30
45 31
46 31
44 31
44 30
48 30
51 28
50 28
51 27
52 27
52 26
50 27
49 27
50 26
49 26
49 25
48 25
48 26
47 26
51 26
51 25
52 25
52 24
53 24
53 23
54 23
55 23
55 22
54 22
53 22
52 22
52 23
51 23
51 22
51 21
50 21
49 21
48 21
50 20
49 20
52 21
52 20
53 20
53 21
53 19
54 19
54 20
51 20
52 19
51 19
50 19
51 18
52 18
53 18
51 17
50 25
50 24
51 24
50 23
49 23
49 24
48 24
48 23
47 23
46 23
46 24
45 24
47 22
46 22
45 22
45 23
49 22
48 22
50 22
53 26
53 25
54 25
55 25
56 25
56 24
56 23
57 23
57 22
58 22
56 22
56 21
57 21
58 21
59 21
60 21
60 22
59 22
58 20
58 19
57 19
57 18
58 18
57 17
57 16
57 20
56 20
55 20
55 19
56 19
55 18
56 18
56 17
55 17
56 16
55 16
54 16
54 15
53 15
53 16
53 14
54 14
55 14
56 14
57 14
57 15
58 15
58 16
59 16
59 17
60 17
61 17
62 17
59 18
60 18
61 18
59 19
58 17
58 14
59 14
59 15
59 13
60 13
60 14
61 14
62 14
63 14
64 14
65 14
65 13
64 13
64 12
65 12
66 12
67 12
68 12
68 13
68 14
69 14
67 13
67 14
67 15
68 15
67 16
68 16
68 17
69 17
69 16
70 16
71 16
72 16
71 17
71 18
72 18
72 17
71 19
70 18
69 18
69 19
70 19
70 20
71 20
72 20
72 19
73 19
74 19
74 18
75 18
76 18
77 18
78 18
78 19
78 20
77 20
77 21
77 22
76 21
75 21
75 22
75 23
75 24
75 25
76 25
77 25
77 24
78 24
79 24
80 24
80 25
78 25
78 26
77 26
77 27
76 27
76 26
75 26
75 27
75 28
76 28
77 28
78 28
79 28
80 28
81 28
82 28
83 28
84 28
82 29
83 29
83 30
83 31
84 31
85 31
85 32
85 33
83 32
83 33
84 33
83 34
84 34
84 35
84 36
85 36
85 37
86 37
86 38
87 38
84 37
83 35
82 32
81 32
80 32
80 33
80 34
81 31
82 31
80 31
81 29
81 30
82 30
80 30
80 29
79 27
79 26
80 26
80 27
79 25
78 27
77 29
77 30
78 30
79 30
79 31
79 32
79 33
79 34
78 31
78 32
78 33
78 34
77 33
77 34
77 35
77 32
76 32
75 32
75 33
75 31
79 29
78 29
77 31
76 29
75 29
75 30
76 30
76 31
74 30
74 29
74 28
73 28
73 27
74 27
74 26
73 26
73 25
72 25
72 26
73 24
72 24
78 23
79 23
80 23
79 22
78 22
78 21
79 21
79 20
80 20
80 21
81 21
82 21
82 20
82 19
81 19
81 20
80 19
79 19
81 18
82 18
83 18
82 17
82 16
81 16
81 17
80 17
80 16
79 16
79 17
78 17
77 17
79 15
78 15
78 16
77 15
76 15
76 14
75 14
75 13
75 12
76 12
76 13
77 13
77 12
78 12
74 12
74 11
75 11
73 11
72 11
71 11
71 12
72 12
73 12
73 13
72 13
70 12
70 11
74 10
75 10
76 10
77 10
78 10
78 11
77 11
76 11
78 9
79 9
80 9
80 8
79 8
78 8
77 8
76 8
76 9
75 8
75 9
74 9
73 9
74 8
77 7
77 14
78 14
79 14
82 15
83 15
83 16
83 17
84 17
83 14
81 15
80 15
80 14
81 14
82 14
82 13
83 13
81 13
81 12
80 12
80 11
81 11
82 11
83 11
84 11
84 12
83 12
82 12
79 11
79 12
79 13
78 13
79 10
80 10
81 10
81 9
82 9
82 10
80 18
79 18
77 23
76 23
76 24
76 22
74 24
74 23
73 23
72 23
71 23
74 22
74 21
76 20
77 19
76 19
75 19
75 20
75 17
76 17
73 18
73 17
73 16
73 15
74 15
74 14
74 13
72 15
71 15
70 15
69 15
70 14
70 13
71 13
71 14
72 14
69 13
73 14
73 20
74 20
71 21
72 21
73 21
71 22
70 21
69 21
68 21
69 20
68 19
68 20
67 20
67 19
66 19
66 20
66 21
67 21
67 22
68 22
68 23
66 22
65 20
65 21
64 21
64 22
65 22
65 23
64 23
63 21
63 22
63 20
64 20
64 19
65 19
65 18
66 18
67 18
68 18
67 17
66 17
65 17
64 17
64 18
63 17
63 18
63 19
66 16
70 17
66 15
65 15
64 15
64 16
66 14
66 13
67 11
66 11
65 11
64 11
64 10
65 10
66 10
67 10
67 9
64 9
65 9
65 8
66 8
66 9
62 15
61 15
61 13
62 13
62 12
62 11
63 11
63 10
62 10
62 9
60 15
60 16
61 16
62 16
63 16
58 13
57 13
56 13
55 13
54 13
53 13
52 13
52 12
53 12
51 12
51 13
55 12
56 12
56 11
55 11
54 11
57 12
57 11
58 12
56 15
55 15
55 21
55 24
54 24
58 26
58 25
54 28
54 29
50 34
49 35
49 38
49 37
47 39
45 38
42 37
42 38
42 39
43 39
41 38
40 38
40 37
41 37
41 36
41 35
42 35
42 36
40 35
40 36
39 35
38 35
37 35
37 36
38 36
39 36
39 37
39 38
39 39
40 39
41 39
38 39
38 38
38 37
37 37
36 35
35 35
35 36
36 36
34 36
34 37
35 37
35 38
35 39
36 39
37 39
37 38
36 38
36 40
36 41
35 41
35 40
34 38
34 39
33 38
33 37
32 37
31 37
31 38
32 38
31 39
32 39
33 39
33 40
32 40
31 40
30 38
30 39
30 40
30 37
32 36
33 36
31 36
30 36
29 36
29 37
29 38
28 38
28 39
29 39
29 40
28 40
27 40
27 41
27 42
28 42
26 42
25 42
25 43
26 43
25 44
24 44
23 44
23 45
24 45
24 46
25 46
25 45
23 43
23 42
24 42
22 42
24 43
26 41
26 40
25 40
25 39
27 39
26 39
28 37
30 35
29 35
31 35
32 35
33 35
33 34
32 34
34 35
35 34
36 34
36 33
35 33
34 33
33 33
33 32
34 32
33 31
32 31
32 32
31 32
31 33
32 33
31 34
30 33
30 34
29 33
29 34
31 31
35 32
36 32
35 31
35 30
36 30
37 30
37 34
37 33
38 33
38 34
39 34
40 34
37 32
37 31
36 31
43 35
40 33
42 31
43 31
41 31
40 31
39 31
39 30
40 30
40 29
39 29
39 33
37 28
35 27
33 29
34 29
34 30
33 30
32 30
32 29
30 28
30 29
30 30
31 30
28 27
27 27
28 26
27 26
26 26
26 27
26 28
25 27
25 28
27 25
28 25
30 23
29 23
29 22
28 22
28 23
28 24
27 24
26 24
26 25
25 25
25 26
24 25
25 24
26 23
27 23
28 21
29 19
28 19
28 18
27 18
26 18
26 19
25 19
25 18
25 17
25 16
26 16
25 15
26 15
26 14
27 19
26 21
27 21
27 22
26 22
25 22
25 23
23 18
21 16
22 16
23 16
24 16
24 15
24 14
24 13
24 12
25 12
26 12
27 12
26 13
23 12
23 13
23 14
23 15
22 13
22 14
22 15
21 13
21 14
21 15
20 15
19 15
19 16
20 16
23 11
24 11
22 11
22 12
21 12
20 12
20 13
20 14
19 14
19 13
18 13
19 12
19 11
18 11
18 10
20 11
20 10
21 11
18 19
17 19
18 15
18 14
17 14
17 15
16 17
17 17
16 15
15 15
14 15
13 15
14 14
13 14
12 14
11 14
11 15
12 15
10 14
13 13
14 13
13 12
14 12
14 11
15 11
15 10
16 10
16 11
16 12
16 13
17 13
17 12
17 11
17 10
16 14
15 14
15 12
15 13
16 9
17 9
18 9
19 9
19 10
17 8
18 8
18 7
17 7
16 7
15 7
15 8
14 8
14 9
13 8
14 7
13 7
12 7
11 7
15 6
16 6
17 6
14 6
13 6
13 5
12 5
12 6
11 5
11 6
12 4
11 4
10 4
10 5
9 4
9 5
9 6
10 6
9 7
8 5
9 3
8 3
7 3
8 2
9 2
9 1
8 1
9 0
10 0
8 0
8 -1
8 -2
7 -2
6 -2
5 -2
5 -1
5 -3
6 -3
7 -3
8 -3
9 -3
10 -3
10 -2
10 -1
9 -2
8 -4
7 -4
6 -4
8 -5
9 -5
9 -6
10 -6
10 -5
11 -5
12 -5
12 -4
11 -4
11 -3
11 -2
12 -2
12 -1
11 -1
10 -4
9 -7
7 -5
7 -6
8 -6
6 -6
7 -7
8 -7
8 -8
8 -9
7 -9
6 -7
5 -7
5 -6
5 -5
6 -5
5 -4
4 -4
4 -5
3 -5
4 -6
4 -7
6 -8
6 -9
7 -8
9 -1
10 3
11 3
11 2
10 2
10 1
11 1
12 3
13 4
14 4
14 5
15 5
14 3
16 8
15 9
14 10
13 10
13 11
12 11
12 10
12 9
13 9
11 9
11 10
11 11
11 12
12 12
12 13
11 13
10 12
10 9
15 23
15 24
14 23
14 22
15 22
16 22
14 21
13 21
13 20
13 19
14 19
14 18
13 18
12 18
11 18
10 18
10 17
9 17
11 17
12 17
13 17
13 16
12 16
11 16
10 16
10 15
14 26
14 27
13 26
13 27
13 28
13 29
14 29
12 29
12 28
12 27
13 25
17 29
18 29
19 29
20 29
20 28
19 28
15 28
14 28
12 30
11 30
10 30
9 30
8 30
7 30
9 29
8 29
11 29
11 28
9 31
8 31
10 40
11 40
9 40
9 41
9 42
10 42
11 42
11 43
10 41
11 41
12 41
12 42
13 42
12 43
12 44
13 44
13 45
13 46
12 45
12 46
12 47
11 47
11 48
11 49
12 49
12 50
13 50
13 51
14 51
15 51
16 51
16 52
15 52
16 50
15 50
14 50
15 49
16 49
17 49
18 49
19 49
20 49
21 49
21 50
21 51
21 52
20 50
20 48
19 48
20 47
19 50
18 50
17 50
18 48
15 48
14 48
15 47
14 52
12 51
12 48
13 48
13 47
14 47
11 50
11 51
11 52
10 52
10 51
10 50
10 49
10 48
9 48
9 49
9 50
9 51
8 50
7 50
7 51
8 51
6 50
6 51
6 52
7 52
8 52
9 52
8 53
7 53
5 51
5 52
4 52
4 53
5 53
4 54
4 55
4 56
5 56
6 56
7 56
8 56
9 56
10 56
9 57
10 57
11 57
12 57
13 57
10 58
10 59
9 58
8 57
7 57
6 57
6 58
6 59
7 59
7 58
8 58
8 55
8 54
7 54
6 54
6 55
7 55
6 53
5 57
5 55
5 54
4 57
3 55
2 55
1 55
1 56
0 55
-1 55
-1 56
0 56
-2 55
-1 54
0 54
0 53
-1 53
-2 54
-3 54
-3 55
-3 56
-2 56
-2 57
-1 57
0 57
1 57
2 57
3 57
3 58
4 58
5 58
3 56
2 56
0 58
1 58
-2 58
-1 58
-1 59
-1 60
-1 61
0 61
0 60
-1 62
0 62
-1 63
-2 63
-2 64
-2 65
-3 65
-3 66
-3 67
-2 67
-2 68
-1 68
0 68
-1 69
-2 69
-2 70
-3 70
-3 69
-4 69
-5 69
-6 69
-6 70
-7 69
-8 69
-7 68
-6 68
-5 68
-4 68
-7 67
-3 68
-4 66
-5 66
-5 67
-5 65
-4 65
-6 65
-7 65
-7 64
-8 64
-8 65
-9 65
-9 64
-10 64
-10 65
-10 66
-9 66
-8 66
-7 66
-6 66
-8 67
-9 67
-9 68
-10 68
-11 65
-11 64
-12 64
-13 64
-13 65
-13 66
-14 66
-15 66
-16 66
-17 66
-17 67
-17 68
-16 68
-15 68
-16 69
-15 69
-14 69
-14 70
-15 70
-16 70
-16 71
-15 71
-15 72
-16 72
-16 73
-15 73
-14 73
-13 73
-13 72
-13 71
-13 70
-12 70
-11 70
-10 70
-9 70
-9 71
-8 71
-7 71
-7 70
-8 72
-8 70
-10 71
-12 71
-12 72
-11 72
-11 73
-11 74
-11 75
-10 75
-10 76
-9 76
-9 75
-8 75
-8 76
-9 74
-10 77
-9 77
-9 78
-10 78
-10 79
-10 80
-9 80
-8 80
-8 81
-7 81
-7 82
-6 82
-6 81
-5 81
-4 81
-3 81
-3 80
-2 80
-1 80
0 80
1 80
2 80
3 80
4 80
4 81
4 79
4 78
5 78
6 78
7 78
6 79
6 77
7 77
8 77
8 78
5 77
4 77
5 76
6 76
5 79
5 80
6 80
6 81
6 82
7 82
6 83
5 83
5 84
6 84
7 84
8 84
9 84
10 84
11 84
11 83
10 83
9 83
8 83
7 83
8 82
11 82
10 82
10 81
11 81
11 80
12 80
9 85
10 85
11 85
11 86
12 86
12 87
13 87
14 87
15 87
16 87
16 88
15 86
16 86
16 85
16 84
17 84
17 83
18 83
19 83
20 83
21 83
22 83
22 82
23 82
22 81
21 81
20 81
20 82
21 82
19 82
18 82
17 82
16 82
16 83
15 82
15 83
15 84
14 84
14 83
13 83
13 82
14 82
14 81
16 81
17 81
17 80
18 80
16 80
15 80
15 81
16 79
17 79
16 78
17 78
18 81
19 81
19 84
18 84
18 85
17 85
14 86
14 85
13 85
13 86
15 85
14 88
15 88
14 89
13 89
12 88
12 89
12 90
13 90
14 90
15 90
15 91
14 91
14 92
15 92
15 93
15 94
15 95
15 96
14 96
14 95
13 95
12 95
14 94
13 94
13 93
12 93
11 93
11 94
11 95
10 95
9 95
9 94
8 94
8 95
7 94
7 95
7 96
7 97
8 97
8 96
9 96
10 96
7 98
6 98
6 97
5 97
5 98
5 99
6 99
7 99
8 99
9 99
9 98
8 98
9 97
10 97
11 97
12 97
8 100
9 100
7 100
7 101
7 102
7 103
8 103
9 103
8 104
9 104
10 104
10 103
10 102
11 102
11 103
12 103
12 104
12 102
12 101
12 100
11 100
10 100
10 99
11 99
12 99
13 99
14 99
15 99
15 98
16 98
14 98
13 98
13 97
14 97
15 97
9 102
8 102
9 101
10 101
8 105
8 106
9 106
7 106
7 107
8 107
6 107
5 107
5 108
5 109
6 109
6 108
7 108
5 110
6 110
5 111
6 111
5 112
4 112
3 112
3 113
4 113
4 114
3 114
2 114
1 114
0 114
-1 114
-1 115
-1 116
-2 115
-2 116
-2 117
-2 118
-1 118
-3 118
-3 119
-3 120
-3 121
-3 122
-2 122
-1 122
-1 123
0 123
0 122
1 122
2 122
3 122
3 123
4 123
3 124
2 124
1 124
1 123
2 123
1 121
1 120
0 120
0 121
-1 121
-2 121
-2 120
-1 120
-2 119
0 119
1 119
1 118
2 118
3 118
3 117
2 117
1 117
0 117
0 118
-1 117
-2 123
-3 123
-4 123
-4 124
-5 124
-6 124
-6 125
-5 125
-5 126
-4 126
-3 126
-2 126
-4 127
-3 127
-3 128
-2 128
-2 127
-4 128
-5 127
-4 125
-6 126
-7 125
-7 126
-7 127
-7 128
-6 128
-6 127
-7 129
-6 129
-5 129
-4 129
-8 129
-9 129
-9 130
-10 130
-10 131
-10 132
-9 132
-8 132
-8 131
-9 131
-11 132
-12 132
-12 133
-11 133
-10 133
-9 133
-9 134
-11 134
-13 132
-13 133
-13 134
-13 135
-12 135
-12 134
-13 136
-14 135
-15 135
-15 136
-15 134
-15 133
-14 133
-14 134
-14 132
-13 131
-12 131
-12 130
-13 130
-14 130
-14 131
-15 131
-16 131
-16 132
-17 131
-15 130
-16 130
-17 130
-18 130
-18 131
-17 129
-11 131
-11 130
-11 129
-10 129
-11 128
-10 128
-9 128
-10 127
-9 127
-11 127
-12 127
-13 127
-13 128
-12 128
-14 128
-15 128
-15 129
-16 128
-16 129
-15 127
-16 127
-14 127
-14 126
-13 126
-11 126
-10 126
-9 126
-12 126
-12 125
-8 128
-8 127
-8 126
-6 123
-5 123
-6 122
-6 121
-5 121
-5 120
-6 120
-7 120
-7 121
-7 122
-8 122
-9 122
-9 121
-10 121
-11 121
-10 120
-9 120
-10 119
-9 119
-8 121
-8 120
-5 119
-4 122
-4 120
-4 121
-4 119
-4 118
-4 117
-5 117
-5 118
-6 118
-6 117
-7 117
-7 118
-7 119
-8 117
-8 116
-7 116
-6 116
-6 115
-6 114
-5 116
-5 115
-4 115
-4 116
-3 117
-2 114
-3 114
-3 115
-3 116
-3 113
-2 113
-1 113
-1 112
0 112
1 112
0 113
0 111
1 111
2 111
1 110
1 109
0 109
0 110
-1 110
-1 111
-1 109
-1 108
-2 108
-1 107
-1 106
-2 106
-2 107
-3 107
-3 108
-1 105
0 105
0 106
1 106
2 106
2 107
3 107
3 108
4 108
4 109
4 110
4 111
3 111
3 109
4 107
4 106
3 106
2 108
2 105
3 105
1 105
2 104
1 104
0 104
1 103
2 103
3 103
4 103
5 103
6 103
5 104
3 102
4 102
5 102
2 102
2 101
3 101
4 101
1 101
1 102
0 102
0 101
-1 101
-1 102
-2 102
-2 101
-3 101
-3 102
-4 102
-4 103
-3 103
-5 103
-5 104
-4 104
-4 105
-5 105
-5 106
-4 106
-3 106
-5 107
-4 107
-5 108
-4 108
-6 108
-7 108
-7 107
-6 107
-6 106
-7 106
-6 104
-6 105
-7 105
-7 104
-8 104
-8 105
-8 106
-9 105
-9 106
-9 107
-9 108
-10 108
-10 107
-9 104
-10 104
-11 104
-12 104
-12 105
-11 105
-11 106
-10 106
-11 107
-11 108
-12 106
-12 107
-12 108
-12 109
-12 110
-12 111
-11 111
-11 112
-11 113
-10 113
-10 114
-11 114
-11 115
-10 115
-12 113
-13 113
-13 114
-13 115
-12 115
-12 114
-13 116
-14 116
-14 117
-13 117
-14 118
-13 118
-12 118
-11 118
-10 118
-10 117
-11 117
-12 117
-11 116
-10 116
-11 119
-12 119
-12 120
-11 120
-14 119
-14 120
-15 119
-15 120
-15 121
-14 121
-13 121
-12 121
-12 122
-11 122
-10 122
-10 123
-9 123
-9 124
-11 123
-13 122
-14 122
-15 122
-16 120
-16 119
-15 118
-16 118
-16 117
-15 117
-15 116
-16 116
-17 116
-17 117
-16 115
-15 115
-15 114
-14 114
-14 115
-14 113
-15 113
-15 112
-14 112
-13 112
-12 112
-14 111
-13 111
-13 110
-13 109
-14 109
-13 108
-14 108
-15 111
-15 110
-16 114
-17 114
-18 114
-19 114
-19 115
-19 116
-18 116
-18 117
-18 118
-17 118
-17 119
-19 117
-17 115
-18 115
-11 110
-10 110
-10 109
-11 109
-13 105
-12 103
-9 103
-8 103
-8 102
-7 102
-6 102
-6 103
-7 103
-5 102
-5 101
-4 101
-3 100
-4 100
-5 100
-5 99
-5 98
-6 98
-6 99
-7 99
-7 98
-5 97
-5 96
-6 96
-6 95
-7 95
-7 94
-6 94
-5 94
-1 100
0 100
-2 100
-2 99
1 100
1 107
1 108
-2 112
-3 112
-3 111
-2 111
-4 111
-4 112
-4 113
-5 113
-5 114
-4 114
-6 113
-6 112
-7 112
-7 111
-5 112
-5 111
-5 110
-3 110
-2 110
1 113
2 113
2 112
5 106
6 106
6 101
5 101
6 100
5 100
4 100
4 99
4 98
3 98
3 99
3 100
2 100
2 99
2 98
2 97
3 97
4 97
3 96
4 96
2 96
1 96
0 96
0 97
-1 97
-1 98
-2 98
-1 96
-1 95
0 95
-1 94
1 95
3 95
4 95
4 94
2 95
2 94
2 93
3 93
3 94
1 93
0 93
0 94
-1 93
1 92
2 92
3 92
0 92
0 91
1 91
2 91
3 91
6 96
10 94
13 92
12 92
14 93
15 89
16 89
17 89
17 90
17 88
13 91
11 90
10 90
10 91
10 92
11 92
11 91
10 93
9 93
8 93
7 93
8 92
7 92
9 92
9 91
11 88
11 87
10 87
8 85
8 86
9 86
8 87
7 85
7 86
7 87
7 88
8 88
9 88
9 89
8 89
8 90
8 91
7 89
7 90
6 90
6 91
6 89
6 88
6 87
5 85
5 86
6 86
4 86
4 87
4 88
4 89
4 90
3 88
3 89
3 90
2 90
2 89
2 88
1 88
3 87
4 85
4 84
3 84
2 84
2 85
1 84
0 84
0 83
1 83
2 83
2 82
3 82
3 81
2 81
1 81
0 81
1 82
0 82
3 83
4 83
4 82
5 82
5 81
3 78
2 79
3 79
0 79
1 79
1 78
0 78
-1 78
-1 79
-2 79
-1 77
0 77
1 77
1 76
1 75
2 75
3 75
4 75
3 76
4 76
3 74
2 74
1 74
1 73
2 73
3 73
3 72
2 72
2 71
1 71
1 70
0 70
0 69
1 69
2 70
3 70
4 70
5 70
5 71
6 71
5 72
6 72
5 73
6 73
6 74
6 75
5 75
5 74
4 74
4 73
4 72
4 71
3 71
2 69
3 69
1 72
0 72
0 73
0 75
0 76
0 74
-1 81
-1 82
-1 83
-4 80
-5 82
-4 82
-5 83
-7 83
-6 83
-8 82
-7 80
-9 81
-9 79
-8 79
-10 81
-10 82
-10 83
-9 83
-8 83
-8 84
-7 84
-7 85
-6 85
-6 84
-5 84
-4 84
-3 84
-3 85
-3 86
-2 86
-2 87
-1 87
-1 88
0 88
-1 89
-1 90
-1 91
-2 91
-3 91
-4 91
-5 91
-5 92
-4 92
-3 92
-2 92
-3 93
-3 94
-3 95
-3 96
-2 96
-2 95
-2 94
-4 96
-4 97
-4 95
-4 94
-4 93
-5 93
-6 93
-7 93
-8 93
-8 92
-9 92
-6 92
-6 91
-5 90
-3 90
-2 90
-2 89
-3 89
-4 89
-4 88
-5 88
-4 87
-3 87
-5 87
-5 86
-4 86
-6 86
-6 87
-5 85
-4 85
-2 88
-3 88
-2 85
-3 83
-2 83
-2 84
-1 84
-1 85
-4 83
-8 85
-8 86
-7 86
-7 87
-7 88
-6 88
-6 89
-6 90
-7 90
-8 87
-9 87
-9 86
-9 85
-10 85
-10 84
-9 84
-11 80
-12 80
-13 80
-12 79
-13 79
-13 78
-12 78
-11 78
-12 77
-13 77
-13 76
-14 76
-14 77
-15 77
-15 76
-15 75
-16 75
-16 76
-17 75
-17 74
-18 74
-18 75
-19 75
-20 75
-20 76
-19 76
-19 77
-19 78
-19 79
-20 78
-21 78
-21 77
-22 77
-22 76
-23 76
-23 77
-20 77
-21 76
-21 75
-22 75
-22 74
-21 74
-23 74
-23 75
-24 74
-24 75
-25 75
-25 76
-26 76
-26 77
-25 77
-26 78
-26 79
-26 80
-27 77
-27 78
-27 79
-28 77
-29 77
-30 77
-30 78
-31 78
-31 79
-31 80
-30 80
-29 80
-28 80
-29 79
-30 79
-31 77
-31 76
-31 75
-30 75
-29 75
-29 76
-28 76
-27 76
-32 75
-33 75
-34 75
-35 75
-35 76
-34 76
-33 76
-32 76
-33 77
-33 78
-34 77
-35 77
-35 78
-34 78
-35 74
-36 74
-33 74
-32 74
-24 73
-24 72
-23 72
-23 71
-24 71
-24 70
-25 70
-25 69
-24 69
-23 70
-22 70
-21 70
-21 71
-21 69
-20 69
-19 69
-18 69
-17 69
-20 70
-21 68
-20 68
-19 68
-18 68
-19 67
-18 67
-19 66
-20 66
-21 66
-21 65
-19 65
-18 65
-22 71
-22 72
-21 72
-20 72
-20 71
-21 73
-20 73
-19 73
-22 73
-23 73
-19 74
-20 74
-14 75
-13 75
-12 75
-12 74
-13 74
-14 74
-12 76
-14 78
-14 79
-14 80
-14 81
-13 81
-14 82
-15 82
-15 81
-15 80
-15 79
-15 78
-11 79
-11 77
-11 76
-12 73
-12 69
-11 69
-10 69
-12 68
-12 67
-13 67
-13 68
-13 69
-14 67
-14 68
-15 67
-12 66
-11 66
-12 65
-14 72
-15 74
-17 73
-18 73
-17 72
-18 72
-17 71
-18 66
-16 65
-15 65
-14 65
-15 64
-14 64
-14 63
-15 63
-16 63
-16 64
-17 63
-17 64
-18 64
-18 63
-14 62
-13 62
-12 62
-12 63
-13 63
-12 61
-13 61
-12 60
-11 60
-11 59
-12 59
-15 62
-16 62
-15 61
-14 61
-16 61
-17 61
-18 61
-18 60
-19 60
-19 59
-19 58
-18 58
-18 57
-17 57
-19 57
-10 63
-9 63
-8 63
-8 62
-7 62
-7 63
-6 63
-5 63
-6 64
-7 61
-6 61
-7 60
-6 60
-5 60
-4 60
-4 61
-3 61
-2 61
-2 62
-3 62
-4 62
-5 62
-3 60
-2 60
-2 59
-3 59
-3 58
-5 61
-5 59
-4 59
-4 58
-5 58
-6 59
-6 58
-6 57
-8 60
-9 60
-9 59
-10 59
-10 60
-10 61
-10 62
-11 62
-11 63
-11 61
-9 58
-7 59
-7 58
-9 62
-9 61
-8 61
-3 63
-3 64
-4 63
-3 57
-4 57
-4 56
-4 55
-5 55
-5 56
-5 57
-6 56
-6 55
-7 55
-6 54
-5 54
-4 54
-5 53
-6 53
-2 53
-3 53
-4 53
-4 52
-3 52
-2 52
-5 52
-6 52
-7 52
-4 51
-4 50
-3 50
-3 51
-3 49
-2 49
-2 50
-2 51
-1 51
-4 49
-5 49
-5 48
-5 47
-4 47
-4 46
-4 45
-5 46
-6 46
-6 47
-7 47
-7 48
-7 49
-6 49
-6 50
-7 50
-8 50
-8 51
-9 51
-9 52
-8 52
-9 50
-10 50
-10 49
-9 49
-9 48
-8 48
-9 47
-8 47
-8 46
-7 46
-7 45
-6 45
-5 45
-8 45
-9 45
-10 45
-10 46
-9 46
-10 44
-11 44
-12 44
-12 45
-11 45
-11 46
-12 46
-13 46
-13 45
-13 44
-8 44
-7 44
-6 44
-11 49
-12 49
-12 50
-11 50
-11 51
-10 51
-11 52
-10 52
-11 53
-10 53
-9 53
-8 53
-9 54
-9 55
-8 55
-10 54
-10 55
-10 56
-11 56
-11 57
-11 58
-10 58
-10 57
-9 57
-8 57
-7 57
-12 58
-12 57
-13 57
-13 58
-14 57
-14 56
-15 56
-15 57
-15 58
-14 58
-16 58
-13 56
-12 56
-12 55
-13 55
-14 55
-11 54
-12 54
-12 53
-12 51
-12 48
-11 48
-10 48
-11 47
-8 49
-3 48
-4 48
-5 50
-5 51
-6 51
3 54
2 54
1 54
2 53
3 53
3 52
3 51
4 51
4 50
4 49
4 48
3 48
2 48
2 49
3 49
2 50
3 50
2 51
2 52
1 50
1 51
1 52
1 53
1 49
2 47
1 47
1 48
0 48
-1 48
-2 48
-1 47
-2 47
-3 47
-2 46
-1 46
0 46
-1 45
0 45
-1 44
-1 43
0 43
-2 43
-3 43
-3 42
-4 42
-4 43
-5 43
-5 42
-4 41
-3 41
-2 41
-1 41
-1 42
0 42
-5 41
-2 45
0 47
1 46
2 46
3 46
4 47
3 47
5 50
5 49
6 49
5 48
6 48
8 49
8 48
7 48
10 47
9 47
8 47
11 45
11 44
9 43
10 43
8 42
8 41
8 40
7 39
7 40
7 41
7 42
7 43
7 44
7 45
6 45
5 45
5 46
5 47
4 46
4 45
3 45
4 44
5 44
6 44
6 43
5 43
5 42
6 42
4 42
4 43
3 43
2 43
1 43
2 42
1 42
5 41
4 41
3 41
3 42
2 41
3 40
4 40
5 40
5 39
6 39
2 40
2 39
3 39
4 39
3 38
3 37
5 35
5 36
4 36
5 31
6 31
6 30
5 30
4 33
5 33
4 34
4 35
3 33
3 34
2 34
1 34
0 34
-1 34
2 33
4 31
4 30
3 30
2 32
1 32
1 33
1 31
0 31
0 32
0 33
-1 33
-1 32
-1 31
-2 31
-3 31
-3 32
-4 32
-5 32
-6 32
-6 33
-5 33
-7 32
-7 33
-4 31
-4 30
-3 30
-2 30
-1 30
0 30
-1 29
0 29
-2 29
-3 29
-3 28
-4 28
-4 29
-5 29
-6 29
-7 29
-8 29
-4 27
-4 26
-3 26
-2 26
-2 27
-1 27
0 27
0 28
-1 28
-2 28
-3 27
-2 25
-3 25
-2 24
-2 23
-2 22
-1 22
0 22
0 23
0 21
-1 21
-2 21
-3 21
-3 20
-4 20
-5 20
-5 21
-6 20
-6 19
-5 26
-5 27
-6 26
-6 27
-6 28
-7 28
-8 28
-8 27
-7 27
-4 25
1 30
2 28
3 28
4 28
4 27
2 27
3 27
0 26
0 25
-1 25
0 24
1 21
2 20
1 20
0 20
4 20
5 20
5 19
6 19
7 19
7 18
6 18
5 18
5 17
6 17
6 16
6 15
7 15
8 15
8 14
8 13
7 16
5 15
5 16
4 16
4 17
4 18
3 18
2 18
2 17
3 17
2 16
1 16
1 17
0 16
-1 16
1 15
0 15
-1 15
-2 15
-2 14
-1 14
0 14
1 14
0 13
0 12
1 12
2 12
1 13
2 13
3 13
2 14
3 14
3 15
4 15
3 16
-1 12
-1 13
4 19
3 19
2 19
3 20
6 20
7 20
5 22
11 23
10 19
8 21
9 11
8 11
9 10
10 10
8 10
7 10
9 9
8 9
8 8
8 7
8 6
0 10
-2 11
-3 11
-3 12
-2 12
-2 13
-3 13
-4 13
-5 13
-5 14
-4 14
-2 10
-3 8
-4 8
-4 11
-4 12
-5 12
-6 12
-6 13
-6 14
-6 15
-5 15
-6 16
-7 16
-7 17
-7 18
-6 18
-6 17
-7 19
-7 20
-7 21
-8 21
-8 20
-8 19
-8 16
-8 17
-9 17
-10 17
-11 17
-11 18
-11 16
-12 16
-12 17
-13 17
-14 17
-13 16
-14 16
-15 16
-15 17
-15 18
-15 19
-16 18
-16 19
-16 17
-17 17
-18 17
-18 18
-19 17
-19 18
-19 19
-18 19
-17 19
-18 20
-18 21
-20 18
-19 16
-18 16
-17 16
-16 16
-16 15
-17 15
-16 14
-20 16
-20 17
-21 17
-22 17
-23 17
-23 16
-22 16
-22 15
-23 15
-24 15
-24 16
-24 17
-25 17
-26 17
-26 18
-26 19
-27 19
-28 19
-27 18
-28 18
-27 17
-28 17
-29 17
-29 18
-29 19
-29 20
-30 18
-31 18
-31 17
-32 17
-31 16
-30 16
-29 16
-29 15
-30 17
-32 16
-32 15
-31 15
-30 15
-30 14
-31 14
-32 14
-32 13
-33 13
-33 14
-34 14
-35 14
-35 13
-34 13
-34 12
-34 11
-35 11
-36 11
-36 10
-35 10
-35 9
-34 9
-33 9
-33 10
-33 11
-32 11
-32 12
-33 12
-34 10
-37 10
-37 11
-37 12
-36 12
-35 12
-38 11
-39 11
-39 12
-38 12
-38 13
-39 13
-39 14
-38 14
-38 15
-37 15
-37 16
-38 16
-37 14
-39 15
-39 16
-39 17
-40 15
-40 16
-40 14
-41 14
-41 15
-41 13
-40 13
-42 13
-42 12
-42 11
-41 11
-43 11
-44 11
-45 11
-46 11
-45 10
-44 10
-40 12
-40 11
-40 10
-41 10
-42 10
-40 9
-39 10
-39 9
-38 10
-30 13
-29 13
-28 13
-27 13
-26 13
-25 13
-24 13
-23 13
-22 13
-22 12
-21 12
-20 12
-19 12
-18 12
-17 12
-17 13
-17 14
-18 14
-19 14
-19 15
-20 15
-20 14
-21 14
-21 15
-21 13
-20 13
-19 13
-18 13
-19 11
-19 10
-20 10
-20 11
-21 11
-22 11
-22 10
-22 9
-19 9
-19 8
-18 8
-17 8
-16 8
-18 9
-20 8
-23 12
-23 11
-24 11
-25 11
-25 12
-24 12
-25 10
-24 10
-23 10
-24 9
-23 9
-23 8
-23 7
-24 7
-24 8
-25 8
-25 9
-26 8
-26 9
-26 10
-27 10
-28 10
-25 7
-26 7
-26 6
-27 6
-27 5
-26 5
-25 5
-24 5
-23 5
-22 5
-21 5
-20 5
-20 6
-21 6
-22 6
-22 7
-21 7
-22 8
-23 6
-24 6
-22 4
-23 4
-25 6
-25 4
-25 3
-26 3
-26 4
-27 4
-27 3
-28 3
-26 2
-27 2
-28 2
-29 2
-29 3
-30 3
-30 4
-29 4
-29 5
-30 5
-31 5
-32 5
-32 6
-32 7
-31 7
-30 7
-29 7
-29 8
-28 8
-27 8
-28 7
-27 7
-28 6
-29 9
-28 9
-27 9
-29 10
-30 10
-30 9
-31 8
-30 8
-31 9
-31 10
-32 10
-32 9
-32 8
-31 4
-32 4
-31 3
-30 2
-27 1
-26 1
-25 1
-24 1
-24 2
-23 2
-22 2
-22 3
-21 3
-21 4
-20 4
-19 4
-18 4
-18 3
-19 3
-19 2
-20 2
-21 2
-21 1
-20 1
-22 1
-23 1
-22 0
-22 -1
-21 -1
-23 -1
-23 0
-21 0
-19 1
-19 5
-18 5
-20 3
-25 2
-24 0
-26 0
-23 14
-22 14
-25 14
-24 14
-25 15
-25 16
-26 16
-26 15
-26 14
-27 12
-28 14
-28 15
-29 14
-29 12
-30 12
-33 15
-33 16
-34 15
-28 16
-27 16
-27 15
-27 14
-21 16
-15 15
-14 15
-13 15
-13 14
-14 14
-12 15
-10 16
-7 15
-8 15
-9 15
-9 14
-7 14
-7 13
-7 12
-8 12
-8 11
-7 11
-6 11
-5 11
-5 10
-7 10
-8 10
-7 9
-8 9
-8 8
-7 8
-6 9
-5 6
-4 6
-4 1
-3 0
-2 0
-2 -1
-3 -1
0 -1
1 -1
2 -1
3 -1
4 -1
3 0
4 0
2 -2
2 -3
3 -3
4 -3
4 -2
3 -4
2 -4
2 -5
2 -6
3 -6
1 -3
0 -3
0 -2
1 -2
-1 -2
-1 -1
1 0
