4641
0 0
1 0
2 0
2 -1
3 -1
3 0
3 1
3 -2
4 -2
4 -3
5 -3
6 -3
7 -3
8 -3
9 -3
10 -3
11 -3
12 -3
13 -3
13 -2
13 -1
14 -1
14 0
14 1
15 1
13 1
13 2
14 2
15 2
13 3
14 3
15 3
16 3
17 3
18 3
19 3
17 2
18 2
15 4
16 4
17 4
17 5
18 5
18 6
19 6
18 7
19 7
17 6
17 7
17 8
17 9
17 10
17 11
16 11
15 11
14 11
14 12
14 13
15 13
15 14
14 14
14 15
14 16
14 17
14 18
14 19
15 19
16 19
16 20
17 20
17 21
17 22
16 22
15 22
14 22
15 21
17 19
18 19
18 20
19 20
16 21
15 20
14 20
15 18
13 15
13 16
13 17
13 18
13 19
13 20
13 21
12 19
11 19
10 19
12 18
15 12
16 12
13 13
12 13
12 12
13 12
11 12
10 12
10 13
11 13
11 14
9 13
9 14
9 15
9 16
8 15
8 16
8 17
9 17
10 17
11 17
11 18
11 16
10 16
10 18
9 18
8 18
8 19
9 19
9 20
8 20
7 20
7 21
7 22
8 22
8 21
6 21
5 21
6 20
5 20
4 20
4 19
5 19
6 19
7 19
7 18
6 18
7 17
6 17
5 17
7 16
6 16
5 18
4 18
3 18
3 19
2 18
1 18
0 18
0 17
1 17
2 17
2 16
3 16
4 16
5 16
3 15
4 15
4 14
3 14
3 13
4 13
4 12
5 12
6 12
5 13
5 14
6 14
6 15
7 15
7 14
8 14
5 15
3 12
2 12
1 12
1 13
1 14
2 14
0 12
0 13
-1 13
-1 14
-2 14
-2 15
-2 16
-1 16
-1 17
-1 18
-1 19
-3 16
-3 17
-4 17
-4 18
-4 19
-4 20
-4 21
-3 21
-3 22
-3 23
-4 22
-4 23
-4 24
-3 24
-2 24
-4 25
-3 25
-2 25
-3 26
-3 27
-2 27
-2 26
-4 26
-4 27
-5 27
-6 27
-6 28
-6 29
-6 30
-5 30
-4 30
-3 30
-2 30
-1 30
0 30
0 31
1 31
1 30
1 29
0 29
-1 29
-2 29
-1 28
-1 27
-1 26
0 26
0 27
-3 31
-2 31
-2 32
-2 33
-2 34
-2 35
-1 35
-1 36
0 36
1 36
2 36
2 37
3 37
3 38
4 38
5 38
5 37
6 37
7 37
8 37
8 38
9 38
9 39
10 39
10 40
11 40
11 41
12 41
12 40
11 42
12 42
12 43
10 42
10 43
10 44
9 44
8 44
8 45
7 45
7 46
8 46
9 46
9 47
10 47
9 48
10 48
11 48
11 49
11 47
12 47
13 47
13 48
14 48
15 48
16 48
16 47
15 49
16 49
16 50
17 50
17 51
18 51
19 51
20 51
20 52
21 52
22 52
23 52
23 53
22 53
22 54
23 54
24 54
25 54
26 54
26 55
26 56
25 56
25 57
26 57
26 58
27 58
27 59
28 59
29 59
29 58
30 58
28 58
29 57
28 57
27 57
28 60
29 60
26 59
25 58
25 59
25 55
24 55
24 56
23 56
23 57
24 57
23 58
24 58
23 59
22 57
22 56
23 55
24 53
22 55
21 55
21 56
20 56
20 57
19 57
19 56
21 54
20 54
20 55
19 55
19 54
18 54
18 53
19 53
18 52
20 53
21 53
23 51
24 51
25 51
26 51
26 52
26 53
27 53
27 54
28 54
29 54
30 54
30 55
31 55
32 55
33 55
34 55
34 56
33 56
32 56
32 57
33 57
34 57
35 57
35 56
36 56
34 58
35 58
34 59
31 56
31 57
30 57
30 56
34 54
35 54
36 54
37 54
38 54
36 55
37 55
37 56
37 57
38 57
38 58
39 58
38 59
38 60
39 60
40 60
39 61
40 61
41 61
36 57
36 58
36 53
37 53
38 53
39 53
40 53
41 53
42 53
43 53
43 54
44 54
45 54
44 55
44 56
45 56
46 56
46 55
47 55
48 55
45 55
44 57
45 57
46 57
47 57
47 58
47 59
48 59
48 60
49 60
50 60
50 61
49 61
49 62
50 62
49 63
48 63
48 61
48 62
47 61
47 62
47 63
47 64
46 64
46 65
45 64
45 65
44 65
44 66
43 66
43 67
44 67
45 67
46 67
46 66
47 66
48 66
48 67
48 68
47 67
48 65
48 64
47 65
45 66
45 68
46 68
46 69
45 69
45 70
46 70
46 71
44 70
43 70
43 71
43 72
44 72
44 73
43 73
44 71
45 71
42 72
42 73
42 74
42 71
43 69
44 69
42 69
42 70
41 70
41 69
43 68
42 68
42 67
44 68
44 64
43 64
43 63
44 63
44 62
45 62
45 63
46 63
46 62
45 61
49 59
49 58
48 58
47 60
46 60
46 61
46 59
46 58
45 58
45 59
45 60
44 58
43 58
43 57
43 56
42 56
42 57
42 58
42 59
43 59
43 60
43 61
43 62
42 62
41 62
41 63
42 63
40 62
39 62
39 63
40 63
40 64
38 63
38 64
39 64
39 65
38 65
37 63
36 63
36 64
36 65
36 66
35 66
35 67
36 67
36 68
36 69
37 69
37 70
36 70
35 70
35 68
35 69
34 68
34 69
33 69
32 69
33 68
32 68
34 67
35 65
35 64
35 63
34 63
34 64
34 65
33 63
32 63
32 64
32 65
33 65
33 66
33 67
32 67
31 67
31 68
31 69
31 70
32 70
33 70
34 70
34 71
35 71
33 71
32 71
32 72
33 72
32 73
32 74
32 75
32 76
33 76
34 76
34 77
34 75
33 75
33 77
33 78
34 78
35 78
35 79
35 80
35 81
35 82
35 83
34 83
34 84
35 84
36 84
36 85
36 86
37 86
38 86
35 86
34 86
34 87
34 88
34 89
34 90
34 91
35 91
34 92
34 93
33 89
33 90
33 91
32 90
31 90
31 91
32 91
31 92
31 93
32 93
32 94
32 95
33 95
34 95
33 96
32 92
33 92
30 93
30 94
31 94
31 95
31 96
32 96
30 95
29 93
29 94
28 94
28 95
28 96
28 97
29 97
27 97
26 97
27 96
26 96
26 95
27 95
30 92
29 92
28 92
27 92
26 92
26 93
25 93
25 94
24 94
24 95
25 95
24 96
23 96
23 94
22 94
22 95
23 95
21 94
20 94
19 94
19 95
18 95
18 96
18 97
19 97
20 97
21 97
21 98
21 99
20 99
20 100
21 100
21 101
19 99
21 96
22 96
22 97
23 97
20 96
19 98
20 98
18 98
17 98
17 96
17 95
17 94
18 94
19 93
20 93
21 93
18 93
18 92
19 92
17 92
22 93
23 93
24 93
25 92
25 91
26 91
27 91
27 90
26 90
26 89
27 89
28 89
28 90
26 88
27 88
28 88
29 88
29 89
30 89
30 90
30 91
29 91
29 90
28 87
27 87
26 87
25 88
24 88
24 89
25 89
24 90
25 90
24 91
24 92
23 91
23 92
22 91
22 92
21 92
21 91
21 90
22 90
22 89
21 89
22 88
23 90
23 89
23 88
24 87
25 87
31 89
31 88
32 88
32 87
32 86
30 88
30 87
31 87
32 89
33 88
33 87
33 86
36 83
37 83
38 83
34 85
33 85
33 84
32 84
32 85
32 83
34 82
33 82
34 80
34 79
33 79
32 79
32 80
33 80
33 81
32 81
32 82
31 82
31 83
31 79
31 80
31 78
32 78
35 77
36 77
37 77
36 78
36 76
37 76
35 76
32 77
31 76
30 76
30 77
29 76
28 76
28 77
29 77
27 77
26 77
26 76
25 76
25 77
24 77
24 78
23 78
23 77
22 77
21 77
21 76
22 76
23 76
24 76
24 75
23 75
22 75
21 75
20 75
20 76
20 77
19 76
19 77
19 75
19 74
20 74
20 73
21 73
20 72
20 71
21 71
22 71
23 71
23 70
24 70
24 69
23 69
23 68
22 68
22 69
21 69
21 70
20 70
21 68
21 67
22 67
20 67
20 68
19 68
18 68
17 68
16 68
16 69
16 70
17 70
15 69
15 70
15 71
14 71
14 70
13 70
13 69
12 69
12 70
12 71
13 71
13 72
13 73
14 73
14 74
15 74
16 74
16 75
17 75
17 76
17 74
17 73
18 73
19 73
16 73
16 72
15 72
16 71
16 76
15 76
15 77
14 77
14 78
15 78
15 79
15 80
14 80
14 81
13 81
13 82
14 82
15 82
16 82
17 82
18 82
18 81
19 81
19 82
20 82
21 82
22 82
23 82
24 82
25 82
24 83
25 83
25 84
23 83
22 83
21 83
20 83
20 84
19 83
24 81
25 81
26 81
27 81
27 82
28 82
29 82
26 82
27 80
23 81
22 81
22 80
23 80
23 79
24 79
24 80
21 80
21 81
20 81
20 80
21 79
22 79
22 78
14 83
13 83
13 84
14 84
15 84
15 85
16 85
17 85
18 85
19 85
20 85
19 84
18 86
17 86
14 85
12 84
12 83
12 82
11 82
10 82
9 82
9 83
8 83
8 84
8 85
7 85
7 83
7 84
6 84
6 85
5 85
4 85
4 86
5 86
6 86
7 86
8 86
9 86
10 86
11 86
10 87
9 87
8 87
7 87
7 88
6 87
5 87
10 85
9 85
9 84
10 84
11 84
11 85
12 85
13 85
12 86
13 86
14 86
14 87
15 87
15 86
4 87
4 88
5 88
3 87
3 88
2 88
2 89
3 89
2 90
3 90
4 90
5 90
5 89
4 89
2 91
3 91
4 91
2 92
2 93
3 93
3 94
4 94
5 94
5 95
6 95
6 94
6 93
7 93
8 93
8 92
7 94
8 94
8 95
7 95
7 96
7 97
8 97
7 98
6 96
4 95
3 95
4 93
4 92
5 92
2 94
2 95
1 95
1 96
1 97
1 98
1 99
2 99
3 99
3 100
2 100
1 100
0 99
-1 99
0 98
0 97
0 96
-1 96
-1 97
-1 98
-2 97
-2 96
-3 96
0 95
-1 95
-1 94
0 94
1 94
1 91
1 92
1 93
0 93
-1 93
1 90
1 89
1 88
2 87
2 86
3 86
3 85
2 85
4 84
5 84
5 83
6 83
6 82
4 83
5 82
4 82
3 82
4 81
4 80
5 80
6 80
7 80
8 80
9 80
9 81
8 81
8 82
7 82
7 81
9 79
8 79
7 79
6 79
8 78
7 78
9 78
10 78
11 78
11 77
10 77
9 77
10 76
11 76
12 76
12 77
13 77
12 78
13 78
13 79
14 79
13 80
12 80
12 81
12 79
9 76
5 81
6 81
3 80
3 81
2 81
3 79
4 79
2 79
2 80
1 80
1 79
1 78
0 78
1 77
0 77
-1 77
2 78
3 78
4 78
4 77
3 77
2 77
2 76
3 76
4 76
5 76
6 76
7 76
7 77
8 77
6 75
5 75
5 77
3 84
14 76
15 75
15 73
14 75
13 75
12 73
12 74
13 74
11 73
11 74
11 75
10 75
10 74
10 73
11 72
12 72
11 71
11 70
10 70
9 70
9 71
9 72
10 72
10 71
8 72
11 69
10 69
9 69
8 69
8 70
7 69
8 68
8 67
9 67
10 67
10 66
11 66
12 66
12 65
12 64
13 64
13 65
14 65
14 66
14 67
14 68
15 68
13 68
13 67
12 67
14 64
13 66
12 63
11 65
11 64
10 64
10 65
11 63
10 63
9 63
9 64
8 63
8 64
8 62
7 62
7 63
6 63
5 63
4 63
4 64
5 64
6 64
7 64
7 65
6 65
6 66
7 66
8 66
5 66
5 67
6 67
6 68
7 68
5 68
5 69
5 70
4 67
4 68
4 69
4 70
3 70
2 70
1 70
1 71
0 71
-1 71
-1 72
0 72
-1 73
0 73
1 73
2 73
3 73
4 73
3 74
4 74
5 74
6 74
7 74
8 74
8 73
6 73
6 72
3 75
4 75
2 74
2 75
2 72
1 72
1 74
1 75
0 74
0 75
0 76
1 76
-1 76
-1 75
-1 74
-2 73
-3 73
-2 72
-2 71
-3 71
-3 72
-4 72
-5 72
-5 73
-5 74
-5 75
-4 75
-3 75
-3 76
-2 76
-4 76
-3 74
-2 74
-4 74
-5 76
-5 77
-4 77
-3 77
-2 77
-2 78
-1 78
-3 78
-3 79
-2 79
-4 78
-5 78
-5 79
-6 79
-6 80
-5 80
-7 80
-7 81
-6 81
-5 81
-6 82
-5 82
-4 82
-3 82
-2 82
-1 82
-1 83
0 83
1 83
2 83
2 84
1 84
1 85
0 85
-1 85
-1 86
0 86
-1 87
-2 87
-2 86
-3 86
-4 86
-4 87
-4 88
-3 88
-2 88
-2 89
-1 89
0 89
-2 90
-2 91
-1 91
-1 92
0 92
-2 92
-3 92
-3 91
-3 90
-4 90
-4 91
-5 91
-5 92
-4 92
-4 93
-4 94
-5 94
-6 94
-7 94
-7 93
-8 93
-8 94
-8 95
-9 94
-9 95
-9 96
-9 97
-8 97
-8 98
-8 99
-10 97
-10 98
-11 98
-12 98
-12 97
-11 97
-11 96
-10 96
-11 95
-10 95
-10 94
-12 95
-12 94
-13 94
-14 94
-14 95
-13 95
-14 96
-14 97
-13 97
-13 96
-12 96
-14 98
-15 96
-15 97
-16 97
-16 98
-15 98
-15 99
-15 100
-15 101
-14 101
-14 102
-15 102
-16 101
-16 102
-16 103
-16 104
-15 104
-14 104
-13 104
-15 103
-14 103
-16 105
-17 105
-17 104
-18 104
-18 105
-19 105
-20 105
-19 104
-19 103
-20 103
-20 102
-18 103
-17 103
-18 102
-19 102
-19 101
-18 101
-18 100
-19 100
-20 101
-20 100
-20 99
-17 102
-17 101
-16 100
-17 98
-18 98
-18 99
-17 99
-16 99
-19 99
-17 97
-16 96
-17 96
-17 95
-18 95
-19 95
-20 95
-20 96
-20 97
-19 97
-19 98
-21 96
-22 96
-23 96
-22 95
-23 95
-23 94
-23 93
-23 92
-24 92
-24 93
-24 94
-25 92
-25 93
-25 94
-26 94
-27 94
-27 95
-28 95
-28 96
-28 97
-29 96
-29 97
-29 95
-29 94
-28 94
-25 91
-24 91
-23 91
-24 90
-25 90
-26 90
-26 91
-27 91
-27 90
-26 89
-20 94
-19 94
-19 93
-18 93
-20 93
-20 92
-19 92
-18 92
-17 92
-16 92
-17 93
-16 93
-15 93
-15 92
-17 91
-17 90
-16 90
-15 90
-14 90
-14 89
-16 91
-16 89
-15 89
-17 89
-18 89
-19 89
-19 90
-18 90
-20 90
-21 90
-20 89
-21 89
-22 89
-22 88
-21 88
-17 88
-18 88
-19 88
-20 88
-20 87
-19 87
-18 87
-17 87
-16 87
-16 88
-15 88
-14 88
-13 88
-13 87
-12 87
-12 88
-11 88
-11 87
-11 86
-12 89
-12 90
-11 90
-11 89
-13 89
-13 90
-13 91
-14 87
-13 86
-12 86
-12 85
-14 86
-15 86
-14 85
-15 85
-16 85
-16 86
-17 85
-15 84
-16 84
-16 83
-17 83
-18 83
-18 84
-17 84
-19 83
-19 84
-20 84
-21 84
-21 83
-20 83
-19 82
-18 82
-16 82
-15 82
-15 83
-15 81
-14 81
-14 82
-14 83
-13 83
-13 82
-14 84
-17 82
-16 81
-17 81
-16 80
-15 80
-14 80
-15 79
-14 79
-13 79
-13 80
-12 80
-12 81
-12 82
-11 82
-10 82
-9 82
-9 83
-8 83
-8 84
-7 84
-8 82
-7 82
-7 83
-6 83
-5 83
-6 84
-5 84
-8 81
-8 80
-8 79
-7 79
-7 78
-10 83
-10 81
-9 81
-9 80
-11 83
-12 83
-13 81
-13 78
-14 78
-15 78
-16 78
-15 77
-16 77
-16 76
-15 76
-15 75
-14 75
-14 76
-13 76
-13 75
-16 75
-17 75
-17 74
-18 74
-19 74
-19 73
-20 73
-19 72
-18 72
-18 73
-17 73
-16 73
-16 74
-15 74
-15 73
-15 72
-14 72
-14 71
-13 71
-12 71
-12 72
-11 72
-13 72
-13 73
-12 73
-11 73
-12 74
-11 74
-11 75
-10 75
-9 75
-8 75
-7 75
-7 76
-6 76
-6 77
-6 78
-7 77
-8 77
-8 76
-9 76
-6 75
-6 74
-7 74
-8 74
-9 74
-10 74
-10 73
-10 72
-10 71
-9 71
-8 71
-11 71
-11 70
-11 69
-10 69
-10 68
-10 67
-12 69
-12 70
-13 70
-14 70
-12 68
-11 68
-13 68
-13 67
-12 67
-11 67
-12 66
-14 67
-14 68
-15 68
-16 68
-15 67
-14 66
-14 65
-15 65
-10 70
-9 70
-8 70
-7 70
-6 70
-7 69
-8 69
-9 69
-9 68
-8 68
-7 68
-6 68
-7 67
-8 67
-9 67
-9 66
-10 66
-10 65
-9 65
-8 65
-7 65
-7 66
-7 64
-6 64
-5 64
-4 64
-5 65
-5 66
-5 67
-4 67
-4 66
-5 68
-5 69
-5 70
-6 69
-6 65
-5 63
-6 63
-6 62
-5 62
-5 61
-4 61
-4 60
-5 60
-6 60
-6 59
-7 59
-5 59
-4 59
-3 59
-4 58
-3 58
-3 57
-2 57
-2 58
-2 59
-2 60
-1 60
-1 61
-3 60
-3 56
-4 56
-4 55
-5 55
-6 55
-5 54
-4 54
-4 53
-3 53
-2 53
-5 53
-4 52
-3 55
-2 55
-2 56
-1 56
-1 57
-1 55
-2 54
-7 62
-7 63
-8 63
-9 63
-10 63
-10 64
-9 64
-11 64
-11 65
-12 64
-12 65
-13 65
-13 66
-12 63
-11 63
-10 62
-11 62
-12 62
-10 61
-9 61
-6 61
-9 73
-8 73
-7 73
-6 73
-6 72
-8 72
-9 72
-11 76
-11 77
-10 77
-10 76
-12 77
-15 71
-16 71
-16 72
-16 70
-20 72
-21 72
-20 71
-19 71
-18 71
-18 70
-17 70
-17 69
-16 69
-19 70
-20 70
-21 70
-21 71
-22 70
-22 71
-22 72
-23 72
-23 73
-22 73
-21 73
-23 74
-24 73
-24 74
-24 75
-23 75
-22 75
-21 75
-20 75
-21 74
-20 74
-22 76
-21 76
-20 76
-19 76
-19 75
-20 77
-21 77
-22 77
-23 77
-23 78
-22 78
-21 78
-21 79
-20 79
-22 79
-24 77
-25 77
-25 78
-26 77
-26 76
-25 76
-22 74
-23 76
-24 76
-25 73
-25 74
-25 75
-26 75
-27 75
-27 76
-27 74
-26 74
-26 73
-27 73
-27 72
-26 72
-25 72
-25 71
-24 71
-23 71
-24 72
-25 70
-24 70
-24 69
-23 69
-23 68
-25 69
-26 70
-28 74
-29 74
-29 75
-30 74
-30 73
-29 73
-28 73
-31 73
-31 74
-23 70
-22 69
-21 69
-20 69
-19 69
-19 68
-20 68
-19 67
-20 67
-20 66
-19 66
-21 68
-22 68
-18 69
-14 77
-13 77
-16 79
-21 87
-22 87
-23 87
-22 86
-21 86
-20 86
-20 85
-19 85
-19 86
-21 92
-21 91
-20 91
-19 91
-18 94
-17 94
-16 94
-15 94
-15 95
-16 95
-13 93
-12 93
-12 92
-11 92
-13 92
-14 92
-14 91
-15 91
-11 94
-9 93
-9 92
-8 92
-7 92
-7 91
-6 91
-8 91
-9 91
-10 91
-10 92
-10 93
-11 91
-9 90
-10 90
-10 89
-9 89
-8 89
-7 89
-7 90
-6 90
-5 90
-6 89
-5 89
-4 89
-3 89
-5 88
-6 88
-7 88
-7 87
-7 86
-6 86
-6 87
-5 87
-8 90
-6 93
-5 93
-6 92
-3 87
-5 86
-5 85
-4 85
-4 84
-4 83
0 84
2 82
1 82
0 82
0 81
1 81
-1 84
-2 83
-3 83
-1 81
-2 81
-1 80
-1 79
0 79
0 80
-3 81
-4 81
-3 80
-4 71
-5 71
-6 71
-7 71
-3 70
-2 70
-4 70
-4 69
-1 70
0 70
0 69
1 69
1 68
2 68
2 69
3 69
3 68
1 67
2 67
3 67
0 67
0 68
-1 67
-1 68
-2 68
-2 69
-3 69
-3 68
-2 67
-2 66
-2 65
-1 66
0 66
1 66
0 65
1 65
-1 65
-1 69
4 66
5 65
4 65
3 63
2 63
2 64
3 64
3 65
1 64
1 63
0 63
0 64
-1 63
-2 63
-2 64
-1 64
-3 64
-3 63
0 62
1 62
2 62
2 61
1 61
1 60
0 60
0 59
1 59
-1 62
0 61
4 62
5 62
4 61
8 61
9 68
10 68
11 68
11 67
7 67
12 68
17 67
16 67
15 67
15 66
18 67
19 67
18 66
18 65
17 65
17 66
18 64
17 64
16 64
16 65
16 63
17 63
18 63
17 62
18 62
17 61
24 68
24 67
25 67
26 67
27 67
26 68
26 69
27 69
28 69
28 68
27 70
27 71
26 70
26 71
26 72
27 72
25 71
25 72
25 70
25 69
25 68
25 66
24 66
23 66
22 66
22 65
22 64
23 65
24 65
24 64
23 64
21 72
19 71
19 70
18 70
18 71
18 72
17 72
18 69
18 74
24 74
25 74
25 75
25 73
23 74
22 74
22 73
23 73
24 73
24 72
23 72
22 72
26 75
26 74
27 76
27 75
27 74
31 74
31 75
30 75
30 74
29 74
29 75
28 74
28 75
30 73
31 73
30 72
29 72
29 73
28 73
28 72
28 71
29 71
29 70
28 70
31 72
31 71
30 71
30 70
30 69
30 68
30 67
30 66
30 65
31 65
29 65
31 66
32 66
33 64
32 62
34 62
36 62
37 62
38 62
42 61
42 60
41 56
41 55
47 56
43 55
44 53
43 52
44 52
42 52
42 51
43 51
43 50
44 50
44 51
45 51
46 51
47 51
46 50
45 50
45 49
45 52
46 52
47 52
48 52
48 53
49 53
50 53
50 54
50 55
51 55
51 54
51 53
48 54
47 54
46 54
46 53
47 53
45 53
42 50
41 50
40 50
40 51
39 50
39 51
39 52
40 52
38 50
37 50
36 50
36 49
37 49
37 48
36 48
36 47
36 46
35 46
34 46
34 47
35 47
35 48
33 46
32 46
32 45
31 45
31 46
31 47
31 48
31 49
30 47
30 48
30 49
29 49
29 50
29 51
28 51
28 52
27 52
27 51
27 50
28 50
26 50
27 49
28 49
26 49
27 48
26 48
26 47
26 46
25 46
24 46
24 47
23 47
23 48
22 47
22 48
22 49
21 49
23 46
23 45
22 45
21 45
25 45
26 45
27 45
27 44
28 44
29 44
30 44
31 44
32 44
33 44
32 43
32 42
33 42
32 41
33 41
34 41
34 40
31 41
31 42
30 41
29 41
29 42
28 41
28 42
28 43
27 42
27 41
26 41
29 40
28 40
29 39
30 39
31 39
32 39
33 39
34 39
35 39
35 40
35 41
35 42
35 43
35 44
35 45
36 45
34 45
34 44
34 43
33 43
34 42
35 38
36 38
36 37
36 36
37 36
38 36
39 36
37 35
36 35
36 34
37 34
35 34
35 35
35 36
34 36
34 37
35 37
34 38
33 38
33 37
33 36
32 38
31 38
32 40
33 40
31 40
30 40
31 43
30 43
30 42
29 45
28 45
26 44
25 44
24 44
23 44
22 44
21 44
20 44
20 45
20 43
24 43
25 43
26 43
27 43
25 42
26 42
24 42
23 42
23 43
23 41
22 41
24 45
27 47
28 47
29 47
29 46
28 46
27 46
29 48
28 48
35 49
34 49
33 49
33 50
34 50
35 50
35 51
36 51
36 52
37 52
37 51
34 51
33 51
33 52
34 52
35 52
34 53
35 53
33 53
33 54
32 53
32 54
32 52
31 52
30 52
29 52
29 53
28 53
31 51
32 51
32 50
32 49
32 48
32 47
34 48
39 49
41 49
42 49
40 49
41 48
42 48
42 47
42 46
41 47
41 51
41 52
42 54
42 55
41 54
35 55
28 55
25 53
25 52
24 52
22 51
23 50
22 50
21 51
20 50
19 52
18 50
19 50
19 49
18 49
17 49
17 48
17 47
17 46
16 46
16 45
18 48
18 47
19 47
19 48
19 46
20 46
20 47
18 46
18 45
17 52
16 52
16 53
17 53
17 54
16 54
16 51
15 50
14 47
14 46
15 46
15 47
15 45
14 45
13 45
12 45
12 46
12 44
13 44
11 44
11 45
10 45
10 46
11 46
9 45
14 44
13 46
12 48
10 41
11 39
12 39
13 39
14 39
15 39
14 40
15 40
16 40
17 40
18 40
19 40
19 41
20 41
21 41
21 42
21 43
22 43
22 42
21 40
22 40
21 39
22 39
22 38
23 38
24 38
25 38
24 39
24 40
25 40
23 40
23 39
23 37
24 37
22 37
21 37
21 38
20 38
20 37
19 42
20 42
19 43
18 42
18 43
18 41
19 39
17 41
17 42
17 43
16 42
16 41
16 39
16 38
17 38
18 38
19 38
17 39
18 39
17 37
16 37
17 36
17 35
18 35
19 35
20 35
20 36
21 36
20 34
21 34
22 34
23 34
24 34
25 34
26 34
26 35
27 35
27 36
28 36
29 36
30 36
30 37
30 38
29 38
28 37
29 37
28 38
28 39
27 39
27 40
26 39
25 39
26 38
27 38
27 37
26 37
26 36
25 36
25 37
24 36
23 36
22 36
22 35
21 35
25 35
28 35
29 35
30 35
29 34
30 34
28 34
27 34
27 33
27 32
28 32
28 33
28 31
29 31
29 32
26 32
25 32
25 31
24 31
24 32
23 32
23 33
22 32
23 31
22 31
21 31
21 32
20 32
19 32
19 33
19 34
18 34
17 34
16 34
15 34
14 34
13 34
12 34
11 34
11 35
11 36
11 37
10 37
10 36
9 36
8 36
9 35
10 35
10 34
9 34
8 34
8 35
7 34
7 35
6 35
6 36
6 34
7 33
8 33
9 33
10 33
11 33
11 32
10 32
9 32
10 31
8 32
6 33
15 33
14 33
13 33
12 33
13 32
16 33
17 33
18 33
17 32
16 32
15 32
14 32
16 31
17 31
16 30
15 30
14 30
14 31
15 29
16 29
18 32
20 31
20 30
21 30
21 29
22 29
22 30
23 30
24 30
24 29
23 29
22 28
23 28
21 28
20 28
20 27
21 27
19 27
19 28
20 26
21 26
22 26
22 27
19 26
19 25
20 25
19 24
20 24
20 23
20 22
21 22
21 23
21 24
18 24
18 25
17 25
18 23
19 23
17 23
17 24
20 29
19 29
19 30
19 31
18 31
18 30
18 29
17 29
18 28
25 30
25 29
26 29
27 29
27 30
28 30
29 30
30 30
30 29
31 29
32 29
29 29
29 28
30 28
31 28
32 28
32 27
31 27
31 26
32 26
30 27
26 30
26 31
27 28
26 28
25 28
27 31
29 33
30 33
30 32
26 33
25 33
24 33
23 35
21 33
22 33
20 33
19 36
18 36
18 37
16 35
15 35
14 35
14 36
13 36
12 36
12 37
13 37
12 38
11 38
12 35
13 35
15 41
15 42
14 41
13 40
13 41
13 42
14 42
14 43
9 37
7 38
7 36
4 37
5 36
4 36
3 36
3 35
4 35
5 35
3 34
4 34
4 33
5 33
5 34
5 32
6 32
6 31
7 31
8 31
8 30
9 30
7 30
6 30
5 30
5 31
4 30
4 29
5 29
3 29
3 30
3 31
3 32
4 32
3 33
2 30
6 29
6 28
7 28
8 28
9 28
9 29
10 29
10 30
10 28
11 28
11 27
12 27
13 27
14 27
14 28
13 28
12 28
14 26
13 26
12 26
12 25
11 25
11 26
10 26
10 27
7 29
7 27
8 29
2 34
2 35
2 33
3 39
3 40
4 40
4 39
3 41
3 42
4 42
4 43
3 43
2 42
2 40
2 38
2 39
0 37
1 37
1 38
0 38
-1 37
-2 36
-3 36
-3 32
-4 31
-4 32
-4 33
-3 33
-4 34
-4 35
-3 35
-3 34
-3 29
-3 28
-4 28
-4 29
-5 29
-5 28
-5 31
-6 31
-6 32
-7 30
-7 31
-7 32
-8 32
-8 31
-9 31
-10 31
-10 32
-9 32
-11 31
-10 30
-10 29
-9 29
-9 30
-8 30
-10 28
-7 29
-8 29
-8 28
-8 27
-9 27
-10 27
-8 26
-7 26
-7 25
-6 25
-5 25
-8 25
-9 25
-10 25
-9 24
-10 24
-8 24
-7 28
-7 27
-5 26
-5 23
-5 24
-6 24
-7 24
-6 23
-5 22
-5 21
-3 20
-2 20
-1 20
0 20
1 20
-1 21
-1 22
-1 23
-1 24
-1 25
0 25
-2 22
-2 21
-2 19
-3 19
-3 18
-2 18
-5 19
-5 20
-4 16
-5 16
-5 15
-4 15
-4 14
-3 14
-5 14
-6 14
-6 13
-6 12
-5 12
-7 12
-8 12
-8 13
-8 14
-9 14
-9 13
-10 13
-11 13
-11 14
-11 15
-11 16
-12 16
-12 17
-12 18
-11 18
-10 18
-10 17
-9 17
-8 17
-7 17
-6 17
-6 18
-5 18
-5 17
-6 19
-7 19
-7 20
-6 20
-8 20
-8 19
-9 19
-10 19
-11 19
-11 20
-11 21
-10 21
-10 20
-9 20
-9 21
-12 20
-13 20
-6 16
-7 16
-8 16
-7 15
-6 15
-8 15
-8 18
-7 18
-9 18
-10 16
-11 17
-13 18
-13 19
-13 17
-14 17
-14 16
-14 15
-13 15
-14 14
-14 13
-15 13
-16 13
-16 14
-16 15
-15 15
-16 16
-16 17
-16 18
-17 18
-17 19
-18 19
-18 20
-19 19
-19 20
-19 18
-18 18
-18 17
-19 17
-19 16
-18 16
-18 15
-18 14
-17 14
-17 15
-19 14
-18 13
-17 13
-19 13
-19 15
-17 16
-16 12
-15 12
-14 12
-13 12
-14 11
-13 11
-17 12
-18 12
-17 11
-18 11
-19 11
-19 12
-20 12
-20 13
-19 10
-20 10
-20 9
-20 8
-21 8
-21 9
-22 8
-22 9
-22 10
-21 10
-21 11
-20 11
-22 11
-23 11
-24 11
-24 12
-23 12
-23 13
-23 14
-22 14
-21 14
-22 15
-22 16
-23 15
-22 13
-21 13
-21 12
-22 12
-24 14
-24 15
-25 15
-25 11
-26 11
-26 12
-25 12
-26 13
-27 13
-27 14
-26 14
-28 14
-28 15
-29 15
-29 16
-29 17
-30 15
-31 15
-31 16
-30 16
-31 17
-32 16
-33 16
-34 16
-35 16
-35 17
-34 17
-33 17
-32 17
-32 18
-31 18
-32 19
-31 19
-31 20
-32 20
-32 21
-33 20
-34 20
-34 21
-33 21
-33 22
-34 22
-34 23
-33 23
-32 23
-32 24
-32 25
-32 22
-33 24
-33 25
-33 26
-34 24
-35 23
-35 24
-35 25
-34 25
-34 26
-34 27
-34 28
-34 29
-33 29
-33 30
-32 30
-31 30
-31 29
-30 29
-29 29
-28 29
-32 29
-31 28
-34 30
-34 31
-35 31
-35 32
-34 32
-36 32
-36 33
-35 33
-36 31
-35 30
-36 30
-37 30
-37 31
-37 32
-38 31
-39 31
-40 31
-40 32
-38 30
-38 29
-37 29
-37 28
-36 28
-36 27
-35 27
-35 28
-35 26
-36 26
-37 26
-37 27
-38 27
-38 28
-39 28
-39 27
-38 26
-39 26
-40 26
-41 26
-41 27
-42 27
-42 28
-42 29
-43 27
-43 26
-42 26
-41 25
-36 25
-37 25
-38 25
-36 24
-36 23
-37 23
-37 22
-36 22
-36 21
-35 21
-35 20
-36 20
-36 19
-35 19
-36 18
-36 17
-37 21
-38 21
-38 22
-39 21
-39 22
-39 23
-38 23
-40 23
-41 23
-41 24
-42 23
-42 24
-42 25
-41 22
-42 22
-42 21
-40 22
-40 21
-37 20
-35 29
-34 18
-35 15
-34 15
-34 14
-35 14
-32 15
-33 15
-29 14
-30 14
-31 14
-32 14
-33 14
-30 13
-29 13
-29 12
-30 12
-30 11
-29 11
-30 10
-29 10
-31 10
-32 10
-31 9
-30 9
-31 13
-31 12
-32 12
-32 13
-33 12
-34 12
-34 13
-33 13
-35 12
-35 13
-36 12
-37 12
-38 12
-36 11
-37 11
-35 11
-34 11
-33 11
-32 11
-31 11
-34 10
-28 13
-28 12
-27 12
-28 11
-27 11
-28 10
-27 10
-28 9
-28 8
-27 8
-27 9
-26 9
-25 9
-25 10
-26 10
-25 8
-24 8
-23 8
-23 9
-26 8
-27 7
-23 10
-24 10
-24 9
-19 9
-18 9
-18 10
-17 10
-16 11
-15 11
-15 10
-14 10
-16 10
-12 15
-12 14
-11 12
-11 11
-11 10
-10 10
-9 10
-10 11
-9 11
-9 12
-12 10
-12 11
-12 12
-10 12
-8 11
-7 11
-6 11
-5 11
-4 11
-5 10
-5 9
-4 9
-3 9
-2 9
-1 9
-1 8
-3 10
-4 10
-3 8
-6 9
-6 10
-7 10
-7 9
-6 8
-5 8
-4 8
-4 7
-4 6
-3 6
-2 6
-2 5
-1 5
-1 4
0 4
0 5
-2 4
-3 4
-3 5
-4 5
-4 4
-5 4
-5 5
-5 6
-5 7
-6 4
-6 5
-6 6
-6 7
-7 7
-8 7
-9 7
-9 8
-8 8
-7 8
-9 9
-10 9
-10 7
-11 7
-11 6
-10 6
-10 5
-9 5
-8 5
-8 4
-8 3
-7 3
-7 2
-8 2
-10 4
-9 4
-9 3
-9 2
-10 2
-11 2
-11 1
-12 1
-12 2
-12 3
-12 4
-11 4
-13 4
-13 3
-13 2
-14 2
-14 1
-13 1
-13 0
-12 0
-11 0
-10 0
-9 0
-8 0
-7 0
-8 1
-7 1
-6 1
-6 0
-6 -1
-5 -1
-4 -1
-3 -1
-4 0
-4 -2
-5 0
-5 1
-5 -2
-9 1
-10 1
-8 -1
-9 -1
-10 -1
-8 -2
-7 -2
-7 -1
-9 -2
-8 -3
-7 -3
-6 -3
-6 -2
-6 -4
-5 -4
-5 -5
-7 -4
-8 -4
-9 -4
-12 -1
-11 -1
-11 -2
-10 -2
-10 -3
-9 -3
-11 -3
-12 -3
-13 -3
-13 -2
-14 -3
-15 -3
-13 -4
-11 -4
-12 -4
-11 -5
-12 -5
-12 -6
-11 -6
-11 -7
-10 -7
-10 -6
-10 -8
-9 -8
-9 -9
-8 -9
-7 -9
-6 -9
-5 -9
-5 -8
-5 -7
-5 -6
-4 -6
-4 -7
-6 -6
-6 -7
-7 -7
-8 -7
-8 -6
-8 -5
-7 -5
-6 -5
-9 -7
-8 -8
-7 -8
-5 -10
-6 -8
-7 -10
-6 -10
-8 -10
-7 -11
-8 -11
-10 -9
-11 -8
-11 -9
-12 -2
-13 -1
-14 -1
-15 -1
-15 0
-15 -2
-14 -2
-16 -2
-16 -1
-16 0
-17 -2
-17 -1
-18 -2
-19 -2
-20 -2
-21 -2
-21 -1
-20 -1
-20 0
-22 -2
-23 -2
-23 -1
-22 -1
-22 0
-21 0
-22 1
-22 2
-21 2
-20 2
-19 2
-19 3
-18 3
-18 4
-18 5
-19 5
-19 6
-19 4
-20 4
-21 4
-21 5
-21 6
-22 6
-22 5
-22 4
-23 4
-23 5
-23 3
-22 3
-21 3
-23 2
-24 2
-25 2
-25 3
-24 3
-25 4
-24 4
-24 5
-25 5
-23 1
-24 1
-25 1
-25 0
-26 0
-27 0
-28 0
-29 0
-30 0
-30 1
-30 2
-30 -1
-29 -1
-30 -2
-29 -2
-29 -3
-28 -3
-28 -4
-27 -4
-26 -4
-26 -3
-26 -5
-25 -5
-24 -5
-24 -6
-27 -5
-27 -6
-28 -6
-28 -7
-27 -7
-26 -7
-25 -7
-24 -7
-25 -8
-26 -8
-27 -8
-27 -9
-26 -9
-28 -9
-28 -8
-29 -8
-29 -7
-27 -3
-30 -3
-31 -2
-32 -2
-33 -2
-33 -1
-32 -1
-31 -1
-32 0
-32 1
-34 -2
-34 -3
-33 -3
-31 -3
-32 -3
-32 -4
-31 -4
-30 -4
-29 -4
-29 -5
-29 -6
-30 -5
-31 -5
-32 -5
-32 -6
-33 -6
-33 -7
-32 -7
-31 -7
-30 -7
-31 -6
-30 -6
-31 -8
-31 -9
-30 -9
-32 -8
-33 -8
-33 -9
-33 -10
-32 -10
-31 -10
-30 -10
-31 -11
-32 -11
-33 -11
-32 -9
-34 -7
-35 -7
-35 -6
-34 -6
-34 -5
-33 -5
-33 -4
-34 -4
-35 -5
-35 -4
-36 -5
-37 -5
-38 -5
-38 -4
-39 -4
-39 -5
-40 -5
-36 -7
-37 -7
-38 -7
-38 -6
-37 -6
-36 -6
-39 -6
-39 -7
-36 -8
-35 -8
-34 -8
-37 -8
-36 -9
-35 -9
-34 -9
-35 -10
-37 -9
-38 -9
-38 -8
-39 -8
-40 -8
-40 -7
-41 -8
-41 -7
-40 -9
-36 -10
-37 -10
-37 -11
-36 -11
-28 -1
-27 -1
-26 -1
-25 -1
-24 -1
-24 0
-26 -2
-25 -2
-27 -2
-28 -2
-18 2
-17 2
-17 3
-16 3
-16 2
-16 1
-15 1
-17 4
-17 5
-16 5
-16 4
-17 6
-17 1
-18 1
-19 1
-20 1
-18 0
-17 0
-19 0
-20 3
-21 -3
-20 -3
-19 -3
-18 -3
-16 -3
-17 -3
-17 -4
-18 -4
-18 -5
-19 -5
-20 -5
-20 -4
-21 -5
-16 -4
-15 -4
-14 -4
-14 -5
-13 -5
-13 -6
-14 -6
-15 -6
-16 -6
-16 -7
-13 -7
-14 -7
-13 -8
-14 -8
-14 -9
-13 -9
-13 -10
-14 -10
-15 -10
-16 -10
-16 -11
-15 -11
-14 -11
-13 -11
-12 -11
-11 -11
-11 -12
-10 -12
-10 -13
-10 -14
-9 -14
-8 -14
-7 -14
-6 -14
-7 -13
-6 -13
-8 -13
-8 -12
-7 -12
-6 -12
-6 -11
-8 -15
-8 -16
-7 -16
-9 -16
-8 -17
-9 -17
-9 -18
-10 -18
-10 -17
-11 -18
-11 -17
-11 -16
-12 -17
-12 -16
-9 -19
-8 -18
-7 -18
-8 -19
-7 -19
-7 -20
-6 -20
-5 -20
-4 -20
-4 -19
-3 -19
-2 -19
-1 -19
-1 -18
0 -18
0 -19
-1 -20
-2 -20
-3 -20
-3 -21
-6 -21
-8 -20
-9 -13
-9 -15
-10 -15
-11 -15
-11 -14
-12 -14
-12 -13
-11 -13
-12 -12
-13 -14
-14 -14
-14 -13
-14 -12
-13 -15
-12 -15
-14 -15
-15 -15
-15 -14
-16 -14
-16 -13
-16 -12
-15 -12
-17 -13
-17 -12
-18 -12
-18 -13
-19 -13
-19 -12
-19 -11
-18 -11
-17 -11
-18 -10
-17 -10
-17 -9
-18 -9
-18 -8
-19 -8
-19 -7
-18 -7
-18 -6
-19 -6
-20 -6
-20 -7
-21 -7
-22 -7
-21 -8
-20 -8
-21 -9
-22 -9
-22 -8
-23 -8
-23 -9
-24 -9
-24 -8
-19 -9
-19 -10
-20 -10
-20 -11
-20 -12
-20 -13
-20 -14
-21 -14
-21 -13
-19 -14
-18 -14
-17 -14
-19 -15
-20 -15
-21 -15
-22 -15
-22 -14
-22 -13
-22 -12
-21 -12
-22 -11
-23 -11
-23 -10
-24 -11
-24 -10
-25 -11
-25 -10
-26 -11
-27 -11
-27 -10
-28 -10
-28 -11
-29 -11
-29 -10
-29 -9
-30 -11
-27 -12
-26 -12
-25 -12
-24 -12
-23 -12
-24 -13
-25 -13
-25 -14
-24 -14
-23 -14
-23 -13
-24 -15
-23 -15
-23 -16
-22 -16
-23 -17
-22 -17
-21 -17
-20 -17
-19 -17
-19 -16
-20 -16
-21 -16
-20 -18
-19 -18
-20 -19
-20 -20
-20 -21
-19 -21
-21 -21
-21 -20
-21 -19
-21 -18
-22 -19
-23 -19
-22 -20
-23 -20
-23 -21
-22 -21
-22 -22
-21 -22
-21 -23
-20 -23
-22 -23
-23 -23
-23 -22
-24 -23
-24 -22
-24 -21
-24 -20
-25 -22
-25 -23
-26 -23
-26 -24
-27 -24
-27 -23
-27 -22
-28 -22
-28 -21
-27 -21
-28 -23
-27 -25
-26 -25
-25 -25
-25 -24
-24 -24
-24 -25
-24 -26
-24 -27
-23 -27
-23 -26
-22 -26
-22 -25
-23 -25
-22 -27
-21 -27
-21 -26
-20 -26
-20 -25
-19 -25
-18 -25
-19 -24
-18 -24
-19 -26
-18 -26
-18 -27
-17 -27
-16 -27
-15 -27
-16 -26
-16 -25
-15 -25
-17 -25
-17 -24
-17 -23
-16 -23
-16 -22
-15 -22
-17 -22
-17 -21
-16 -21
-15 -21
-15 -20
-14 -20
-13 -20
-13 -19
-12 -19
-13 -18
-12 -18
-13 -17
-14 -17
-14 -16
-13 -16
-15 -16
-16 -16
-17 -16
-17 -15
-16 -15
-18 -15
-18 -16
-17 -17
-16 -17
-16 -18
-15 -18
-14 -18
-16 -19
-15 -19
-16 -20
-17 -20
-17 -18
-17 -19
-15 -17
-13 -21
-12 -21
-12 -20
-11 -20
-14 -19
-18 -21
-16 -24
-15 -24
-17 -26
-16 -28
-15 -28
-19 -27
-20 -27
-22 -28
-22 -29
-21 -29
-20 -29
-20 -28
-21 -28
-23 -29
-24 -29
-24 -28
-25 -28
-26 -28
-26 -27
-25 -27
-26 -26
-27 -28
-27 -27
-28 -28
-28 -27
-28 -26
-27 -26
-28 -25
-28 -24
-29 -24
-29 -23
-30 -23
-30 -22
-31 -23
-32 -23
-33 -23
-33 -22
-32 -22
-32 -24
-32 -25
-31 -25
-31 -24
-31 -26
-30 -26
-29 -26
-30 -25
-30 -24
-32 -26
-33 -26
-33 -25
-33 -24
-34 -24
-32 -27
-31 -27
-29 -25
-29 -27
-29 -28
-29 -29
-28 -29
-27 -29
-26 -29
-25 -29
-26 -30
-25 -30
-25 -31
-26 -31
-27 -31
-27 -30
-27 -32
-28 -32
-29 -32
-30 -32
-31 -32
-32 -32
-32 -31
-32 -30
-33 -30
-33 -29
-33 -31
-34 -31
-34 -32
-33 -32
-30 -33
-26 -32
-25 -32
-26 -33
-26 -34
-27 -34
-23 -28
-25 -26
-22 -24
-23 -24
-21 -24
-20 -24
-23 -18
-24 -16
-26 -14
-26 -13
-27 -13
-27 -14
-25 -15
-26 -15
-27 -15
-27 -16
-26 -16
-25 -16
-25 -17
-26 -17
-26 -18
-27 -18
-26 -19
-27 -19
-27 -20
-26 -20
-25 -20
-25 -19
-24 -19
-24 -18
-25 -18
-28 -20
-28 -19
-28 -16
-28 -15
-29 -15
-30 -15
-30 -14
-31 -15
-31 -14
-31 -13
-30 -13
-30 -12
-31 -12
-32 -13
-32 -12
-33 -12
-33 -13
-32 -15
-32 -16
-33 -16
-33 -15
-33 -17
-31 -16
-30 -16
-29 -16
-29 -17
-30 -17
-28 -17
-28 -12
-28 -13
-29 -13
-29 -12
-10 -16
-13 -12
-13 -13
-15 -5
-16 -5
-14 0
-7 5
-7 4
-6 3
-5 3
-4 3
-1 3
-2 3
-1 2
0 2
0 3
-5 13
-4 13
-2 13
-2 12
-1 12
0 11
1 11
1 10
1 9
0 9
0 10
-1 10
-2 10
3 11
2 11
2 10
3 10
2 15
8 13
8 12
7 12
7 13
9 12
10 11
11 11
12 11
13 11
12 10
11 10
10 10
9 10
12 9
9 11
16 10
16 8
16 9
15 9
14 9
15 8
16 7
15 7
15 6
16 6
16 5
14 6
14 7
14 8
13 6
13 7
12 6
12 5
12 4
13 4
13 5
14 5
11 4
11 5
11 6
18 4
13 0
12 -1
11 -1
10 -1
9 -1
10 -2
13 -4
12 -4
12 -5
13 -5
13 -6
12 -6
9 -2
8 -2
8 -1
8 0
9 0
10 0
11 0
12 0
12 1
12 2
12 3
11 1
10 1
10 2
10 3
11 3
11 2
10 4
9 3
9 4
9 5
10 5
10 6
9 6
8 6
8 7
8 8
8 9
9 9
10 9
11 9
11 8
10 8
9 8
9 7
8 10
8 11
7 11
6 11
6 10
5 10
7 10
7 9
6 9
6 8
6 7
7 8
7 6
7 7
6 6
5 6
5 5
5 4
7 5
6 5
8 5
8 4
8 3
7 3
6 3
7 -2
6 -2
5 -2
5 -1
5 0
6 0
6 1
7 1
8 1
8 2
7 2
6 2
5 1
5 2
4 2
4 3
5 3
3 2
3 3
3 4
2 2
2 3
1 3
4 1
4 0
4 -1
6 -1
8 -4
9 -4
9 -5
10 -5
10 -4
9 -6
10 -6
10 -7
11 -7
10 -8
11 -8
12 -8
13 -8
13 -7
14 -7
13 -9
14 -9
15 -9
14 -8
14 -10
14 -11
14 -12
15 -12
12 -9
11 -9
10 -9
10 -10
11 -10
12 -10
11 -11
10 -11
10 -12
11 -12
12 -12
13 -12
13 -11
13 -10
12 -11
12 -13
13 -13
14 -13
15 -13
15 -14
14 -14
13 -14
13 -15
14 -15
15 -15
16 -15
17 -15
16 -16
15 -16
15 -17
14 -16
13 -16
14 -17
14 -18
12 -15
12 -14
11 -13
10 -13
9 -12
8 -12
8 -11
9 -11
7 -12
7 -13
7 -14
8 -14
6 -14
6 -15
5 -15
4 -15
4 -14
4 -13
3 -14
3 -15
7 -15
8 -15
9 -15
10 -15
11 -15
10 -14
11 -14
9 -14
8 -16
9 -16
9 -17
7 -16
8 -13
9 -8
9 -7
8 -7
7 -7
7 -6
8 -6
8 -5
7 -5
8 -8
7 -8
8 -9
8 -10
7 -4
6 -4
6 -5
5 -5
5 -4
5 -6
6 -6
4 -6
4 -5
3 -5
3 -6
2 -6
2 -5
2 -4
3 -4
1 -4
0 -4
0 -5
1 -5
1 -6
0 -6
0 -7
0 -8
0 -9
2 -7
3 -7
4 -7
4 -8
3 -3
2 -2
1 1
0 1
-1 1
-1 0
-2 0
-2 1
-2 -1
-1 -1
1 -1
0 -1
0 -2
