4716
0 0
0 1
1 1
1 2
2 2
2 3
3 3
2 4
3 4
1 3
1 4
1 5
2 5
2 6
1 6
1 7
1 8
0 8
0 7
-1 7
-1 8
-2 8
-2 9
-3 9
-3 10
-2 10
-1 10
-1 9
-2 11
-2 12
-1 12
0 12
-1 11
0 11
-3 11
-4 9
-4 10
-5 10
-6 10
-6 11
-7 11
-7 12
-6 12
-8 11
-9 11
-10 11
-10 12
-11 11
-11 10
-10 10
-9 10
-8 10
-7 10
-8 9
-7 9
-6 9
-5 9
-5 8
-6 8
-5 7
-4 7
-3 7
-2 7
-3 6
-2 6
-1 6
0 6
-4 6
-5 6
-3 5
-4 5
-5 5
-6 5
-6 6
-7 5
-5 4
-4 4
-3 4
-2 4
-1 4
0 4
-1 5
0 5
-1 3
-2 3
-2 2
-3 2
-2 1
-3 1
-4 1
-4 2
-4 3
-3 3
-5 3
-6 3
-6 4
-6 2
-6 1
-5 1
-5 2
-2 0
-1 2
0 2
0 3
-1 1
-1 0
-1 -1
0 -1
-1 -2
-2 5
-4 8
-3 8
-7 8
-7 7
-6 7
-8 7
-8 6
-7 6
-9 9
-10 9
-9 8
-8 8
-12 10
-12 11
-13 11
-13 12
-13 13
-12 13
-12 14
-12 12
-11 12
-13 14
-14 13
-15 13
-15 14
-16 14
-16 15
-15 15
-14 15
-13 15
-12 15
-11 15
-11 16
-10 16
-10 15
-10 14
-9 14
-9 15
-8 15
-8 16
-7 16
-7 17
-7 18
-7 19
-8 18
-8 17
-7 15
-7 14
-8 14
-8 13
-7 13
-9 16
-9 17
-9 18
-9 19
-10 18
-10 19
-10 20
-10 21
-10 22
-9 22
-9 23
-8 23
-11 21
-11 22
-12 22
-12 23
-12 24
-13 24
-13 23
-13 22
-14 22
-15 22
-15 23
-16 22
-16 23
-16 24
-17 24
-17 23
-18 23
-17 22
-17 21
-16 21
-14 21
-13 21
-12 21
-11 20
-12 20
-11 19
-12 19
-13 19
-13 20
-11 18
-12 18
-13 18
-14 18
-10 17
-11 17
-12 17
-9 13
-10 13
-12 16
-13 16
-14 14
-17 15
-17 14
-16 13
-17 13
-17 12
-17 11
-14 12
-14 11
-15 11
-16 11
-16 10
-15 10
-14 10
-14 9
-14 8
-13 8
-14 7
-13 7
-12 7
-13 6
-12 6
-11 6
-12 5
-13 5
-13 4
-14 4
-14 5
-15 5
-16 5
-17 5
-17 6
-17 7
-16 7
-16 6
-15 6
-18 6
-18 5
-19 5
-19 6
-19 4
-20 4
-20 5
-20 6
-20 7
-21 7
-21 8
-20 8
-19 8
-22 8
-23 8
-23 9
-22 9
-21 9
-22 10
-21 10
-20 10
-19 10
-19 11
-18 11
-18 12
-18 13
-18 14
-18 10
-17 10
-17 9
-17 8
-16 8
-16 9
-15 9
-18 9
-19 9
-20 9
-18 8
-18 7
-19 7
-19 12
-20 12
-20 13
-19 13
-21 12
-22 12
-22 13
-22 14
-23 14
-23 15
-23 13
-24 13
-24 12
-24 11
-23 11
-22 11
-21 11
-23 10
-25 11
-25 10
-24 10
-24 9
-24 8
-25 8
-25 9
-26 9
-26 10
-26 11
-24 7
-23 7
-22 7
-22 6
-21 6
-21 5
-21 4
-21 3
-22 3
-22 4
-22 2
-21 2
-20 2
-19 2
-18 2
-19 1
-18 1
-17 1
-16 1
-19 0
-19 -1
-20 -1
-20 0
-20 1
-21 0
-22 0
-20 -2
-19 -2
-18 -2
-18 -1
-19 -3
-18 -3
-18 -4
-17 -4
-16 -4
-15 -4
-15 -3
-14 -3
-13 -3
-14 -2
-14 -1
-13 -1
-12 -1
-13 0
-14 0
-14 1
-15 1
-15 0
-16 0
-13 -2
-15 -2
-14 -4
-13 -4
-12 -4
-11 -4
-10 -4
-10 -5
-11 -3
-10 -3
-10 -2
-10 -1
-11 -1
-11 -2
-12 -2
-12 -3
-16 -3
-16 -2
-15 -5
-14 -5
-13 -5
-12 -5
-12 -6
-11 -6
-11 -5
-13 -6
-13 -7
-12 -7
-14 -7
-14 -6
-15 -6
-16 -6
-16 -5
-17 -6
-17 -5
-18 -6
-19 -6
-20 -6
-20 -5
-20 -4
-21 -4
-21 -3
-21 -2
-22 -2
-21 -5
-16 -7
-16 -8
-15 -8
-15 -9
-14 -9
-13 -9
-13 -8
-13 -10
-14 -8
-14 -10
-14 -11
-15 -11
-15 -10
-16 -10
-17 -10
-18 -10
-19 -10
-20 -10
-21 -10
-21 -9
-20 -9
-19 -9
-19 -8
-19 -7
-20 -7
-21 -7
-21 -6
-20 -8
-22 -10
-22 -9
-22 -11
-22 -12
-23 -12
-22 -13
-21 -13
-21 -12
-20 -12
-21 -14
-20 -14
-19 -14
-18 -14
-17 -14
-17 -13
-16 -13
-16 -12
-17 -12
-18 -13
-18 -12
-18 -11
-17 -11
-19 -11
-20 -11
-21 -11
-17 -15
-16 -15
-16 -14
-15 -14
-15 -13
-14 -13
-14 -12
-13 -12
-12 -12
-12 -11
-13 -11
-12 -13
-11 -13
-10 -13
-9 -13
-8 -13
-7 -13
-6 -13
-6 -12
-6 -11
-7 -11
-7 -12
-6 -14
-7 -14
-7 -15
-8 -15
-8 -14
-9 -14
-10 -14
-9 -15
-10 -15
-9 -16
-9 -17
-10 -17
-10 -18
-9 -18
-11 -18
-11 -19
-11 -20
-10 -20
-9 -20
-10 -19
-9 -19
-8 -16
-8 -17
-7 -17
-6 -17
-5 -17
-4 -17
-3 -17
-2 -17
-2 -16
-2 -15
-2 -14
-2 -13
-2 -12
-3 -12
-3 -11
-2 -11
-2 -10
-3 -10
-3 -9
-2 -9
-4 -9
-4 -8
-5 -9
-6 -9
-6 -8
-5 -8
-5 -10
-4 -10
-4 -12
-4 -13
-3 -13
-5 -13
-5 -12
-3 -16
-2 -18
-1 -18
-3 -18
-4 -18
-3 -19
-4 -19
-3 -20
-3 -21
-4 -21
-4 -20
-5 -20
-5 -19
-5 -21
-2 -19
-2 -20
-2 -21
-1 -21
-1 -20
0 -20
1 -20
1 -19
2 -19
3 -19
4 -19
5 -19
6 -19
7 -19
8 -19
8 -20
7 -20
7 -21
6 -21
6 -20
5 -20
5 -21
5 -22
6 -22
6 -23
7 -23
8 -23
8 -24
9 -24
9 -25
10 -25
10 -24
10 -23
10 -26
11 -26
12 -26
13 -26
14 -26
14 -25
13 -25
13 -24
12 -24
12 -25
11 -25
11 -24
9 -26
10 -27
11 -27
12 -27
13 -27
14 -27
13 -28
13 -29
14 -29
15 -29
16 -29
16 -28
16 -30
17 -30
15 -28
15 -27
16 -27
16 -26
17 -26
16 -25
17 -25
15 -26
14 -28
12 -29
12 -28
11 -29
11 -30
11 -31
12 -31
13 -31
13 -30
12 -30
12 -32
12 -33
11 -33
11 -32
10 -33
11 -34
12 -34
13 -34
14 -34
15 -34
15 -33
16 -33
17 -33
17 -34
17 -35
16 -35
16 -36
17 -36
18 -36
19 -36
20 -36
21 -36
21 -35
20 -35
19 -35
19 -34
20 -34
21 -34
22 -34
23 -34
24 -34
23 -33
22 -33
21 -33
20 -33
19 -33
18 -35
21 -37
21 -38
20 -37
19 -37
18 -37
17 -37
19 -38
19 -39
18 -39
17 -39
17 -38
18 -38
18 -40
17 -40
20 -38
20 -39
20 -40
21 -40
16 -32
17 -32
18 -32
19 -32
19 -31
19 -30
18 -31
18 -33
18 -34
16 -31
15 -31
14 -31
14 -32
15 -32
13 -32
13 -33
14 -33
16 -34
15 -35
14 -35
14 -36
15 -36
12 -35
13 -35
11 -35
12 -36
13 -36
11 -36
10 -36
9 -36
9 -35
10 -35
8 -36
8 -35
8 -34
9 -34
10 -34
9 -33
10 -37
11 -37
11 -38
12 -38
13 -38
13 -37
14 -37
14 -38
15 -38
14 -39
15 -39
15 -40
13 -39
14 -40
13 -40
13 -41
13 -42
14 -42
15 -42
16 -42
17 -42
17 -41
16 -41
15 -41
17 -43
16 -43
15 -43
15 -44
14 -44
14 -43
13 -44
13 -43
14 -45
15 -45
15 -46
16 -46
17 -46
17 -45
18 -45
19 -45
18 -44
17 -44
16 -44
18 -46
19 -46
16 -47
14 -46
15 -47
13 -45
12 -42
12 -43
11 -43
11 -42
12 -44
11 -44
14 -41
12 -37
12 -39
12 -40
11 -39
10 -39
9 -39
9 -38
9 -40
10 -40
10 -41
11 -41
9 -41
10 -42
10 -43
10 -44
10 -38
11 -28
8 -25
7 -25
7 -24
6 -25
6 -24
5 -25
4 -25
4 -26
5 -26
6 -26
5 -27
5 -28
4 -28
4 -27
3 -28
3 -27
3 -26
3 -25
2 -27
2 -28
1 -28
3 -29
4 -29
5 -29
4 -30
5 -30
6 -30
7 -30
6 -29
6 -31
3 -30
2 -30
2 -29
1 -29
1 -30
1 -31
2 -31
4 -31
5 -31
5 -32
6 -32
7 -32
8 -32
8 -31
8 -30
8 -33
7 -33
7 -34
6 -34
6 -35
7 -35
6 -33
5 -33
5 -34
4 -34
4 -35
3 -35
3 -34
3 -33
3 -32
2 -35
2 -34
2 -33
2 -32
1 -33
1 -32
0 -33
1 -34
0 -34
-1 -34
-1 -33
-2 -33
-2 -34
-2 -35
-1 -35
-1 -36
0 -36
0 -35
-2 -36
-2 -37
-3 -37
-4 -37
-4 -36
-3 -36
-3 -35
-4 -35
-5 -36
-5 -35
-5 -34
-5 -33
-5 -32
-4 -32
-3 -32
-3 -31
-4 -31
-5 -31
-5 -30
-4 -30
-3 -30
-2 -30
-2 -29
-1 -29
-1 -28
-1 -27
-2 -27
-2 -26
-2 -25
-2 -24
-2 -23
-1 -23
0 -23
0 -24
1 -24
1 -25
0 -25
0 -26
1 -26
2 -26
2 -25
-1 -26
-1 -25
0 -27
1 -27
0 -28
0 -29
-1 -22
0 -22
-2 -22
-3 -22
-4 -22
-3 -26
-2 -28
-3 -29
-3 -28
-3 -27
-4 -29
-4 -33
-3 -33
-3 -34
-4 -34
-6 -32
-7 -32
-7 -31
-6 -31
-6 -30
-6 -29
-7 -29
-7 -30
-8 -30
-9 -30
-10 -30
-10 -29
-9 -29
-11 -30
-11 -29
-11 -28
-10 -28
-9 -28
-8 -28
-7 -28
-6 -28
-5 -28
-5 -27
-4 -27
-6 -27
-6 -26
-7 -27
-5 -29
-8 -29
-9 -27
-8 -27
-9 -26
-8 -26
-9 -25
-9 -24
-8 -24
-7 -24
-8 -23
-9 -23
-9 -22
-9 -21
-10 -23
-11 -23
-12 -23
-13 -23
-13 -22
-12 -22
-11 -22
-10 -22
-10 -21
-11 -21
-12 -21
-13 -21
-14 -22
-14 -21
-14 -20
-15 -20
-15 -22
-14 -23
-12 -24
-11 -24
-13 -24
-12 -25
-12 -26
-11 -26
-10 -26
-10 -27
-11 -25
-8 -25
-10 -24
-10 -25
-12 -28
-13 -28
-13 -27
-14 -27
-14 -26
-13 -26
-14 -25
-13 -25
-15 -26
-15 -25
-15 -24
-14 -24
-14 -28
-14 -29
-13 -29
-13 -30
-13 -31
-12 -30
-9 -31
-8 -31
-8 -32
-9 -32
-8 -33
-7 -33
-10 -31
-10 -32
-11 -32
-12 -32
-6 -33
-6 -34
-6 -35
-7 -35
-8 -35
-8 -34
-9 -35
-9 -34
-9 -33
-10 -35
-11 -35
-11 -34
-10 -34
-10 -33
-11 -33
-12 -33
-12 -35
-12 -36
-11 -36
-10 -36
-9 -36
-10 -37
-10 -38
-8 -36
-7 -36
-6 -36
-6 -37
-5 -37
-7 -37
-8 -37
-9 -37
-4 -38
-5 -38
-5 -39
-4 -39
-3 -39
-2 -39
-2 -40
-1 -40
-3 -40
-2 -41
-1 -41
0 -41
0 -40
1 -40
1 -39
1 -38
2 -38
2 -37
3 -37
3 -36
4 -36
5 -36
5 -37
6 -37
7 -37
7 -38
8 -38
8 -39
7 -39
6 -39
6 -40
5 -40
5 -39
5 -38
4 -38
4 -39
3 -39
3 -38
2 -39
2 -40
3 -40
3 -41
3 -42
2 -42
1 -42
1 -41
2 -41
4 -40
5 -41
6 -41
7 -41
7 -42
5 -42
6 -42
7 -40
8 -40
8 -41
8 -42
9 -42
9 -43
9 -44
8 -44
8 -43
7 -43
7 -44
6 -44
6 -45
7 -45
8 -45
8 -46
9 -46
10 -46
11 -46
12 -46
12 -47
11 -47
10 -47
10 -48
11 -48
11 -49
9 -48
8 -48
7 -48
7 -49
6 -49
5 -49
5 -48
6 -48
5 -47
6 -47
5 -46
6 -46
7 -46
7 -47
5 -45
5 -44
5 -43
4 -44
4 -43
4 -45
4 -47
4 -48
4 -49
4 -50
3 -50
3 -49
2 -50
2 -49
2 -48
3 -48
3 -47
3 -46
4 -46
3 -45
1 -48
0 -48
-1 -48
-1 -47
0 -47
-1 -46
0 -46
1 -46
-1 -45
-2 -45
-2 -44
-2 -43
-1 -43
0 -43
1 -43
0 -42
-1 -42
-2 -42
-3 -42
-3 -41
0 -44
1 -44
2 -44
3 -44
2 -43
2 -45
2 -46
2 -47
1 -45
0 -45
-1 -44
-3 -44
-3 -45
-2 -46
-3 -46
-3 -47
-3 -48
-2 -48
-3 -49
-3 -50
-3 -51
-2 -51
-1 -51
0 -51
0 -50
1 -50
1 -49
0 -49
-1 -52
0 -52
1 -52
1 -51
0 -53
1 -53
2 -53
3 -53
2 -52
2 -54
3 -54
3 -55
4 -55
4 -56
4 -57
5 -57
5 -56
5 -58
3 -57
2 -57
2 -56
2 -55
1 -55
1 -56
0 -56
-1 -56
-1 -55
-1 -54
0 -54
0 -55
-1 -53
-2 -53
-2 -52
-2 -54
-2 -55
-3 -55
-4 -55
-5 -55
-5 -54
-5 -56
-6 -56
-4 -56
-4 -57
-3 -57
-3 -56
-2 -56
-5 -57
-6 -57
-1 -57
0 -57
0 -58
-1 -58
-1 -59
2 -58
4 -58
-4 -51
-4 -50
-5 -51
-5 -52
-6 -52
-6 -53
-5 -53
-4 -53
-4 -52
-3 -52
-3 -53
-3 -54
-4 -54
-6 -54
-2 -47
3 -51
2 -51
3 -52
4 -52
5 -52
6 -52
6 -53
5 -53
4 -53
5 -54
4 -54
5 -55
6 -55
7 -55
8 -55
7 -56
8 -56
9 -56
10 -56
11 -56
11 -55
12 -55
12 -56
12 -57
10 -55
10 -54
11 -54
9 -55
9 -57
8 -57
7 -57
6 -57
8 -58
9 -58
10 -58
11 -58
11 -57
10 -57
11 -59
12 -59
12 -60
13 -60
13 -59
14 -59
15 -59
16 -59
17 -59
18 -59
18 -58
18 -57
19 -57
20 -57
19 -56
19 -58
19 -59
20 -59
18 -56
18 -55
17 -55
17 -54
17 -53
18 -53
18 -52
19 -52
17 -52
16 -52
16 -51
17 -51
18 -51
19 -51
16 -50
17 -50
18 -50
18 -49
19 -49
20 -49
20 -48
21 -48
20 -47
21 -47
21 -46
22 -46
22 -47
20 -46
19 -48
19 -47
18 -48
18 -47
16 -49
16 -48
17 -48
15 -49
15 -50
14 -50
14 -49
14 -48
15 -48
13 -48
16 -53
16 -55
15 -55
14 -55
14 -54
15 -54
16 -54
15 -53
14 -53
14 -52
14 -51
15 -51
15 -52
13 -51
13 -50
13 -49
12 -49
12 -51
12 -50
11 -51
11 -50
10 -51
9 -51
9 -50
9 -49
13 -52
12 -52
13 -53
12 -53
15 -56
16 -56
17 -56
18 -60
19 -60
20 -60
21 -60
21 -61
22 -61
23 -61
23 -60
22 -60
20 -61
21 -62
22 -62
23 -62
24 -62
25 -62
25 -63
24 -61
23 -63
24 -63
21 -63
20 -63
19 -63
21 -64
22 -64
21 -65
19 -61
18 -61
18 -62
19 -62
17 -60
16 -60
15 -60
16 -61
16 -62
17 -61
17 -62
14 -58
14 -57
15 -57
13 -58
14 -60
12 -61
12 -62
11 -62
11 -61
11 -60
10 -60
10 -59
9 -59
8 -59
8 -60
9 -60
9 -61
8 -61
7 -61
6 -61
5 -61
5 -60
6 -60
6 -59
7 -59
7 -58
6 -58
7 -60
5 -59
4 -59
3 -59
3 -60
4 -60
4 -61
5 -62
4 -62
5 -63
4 -63
3 -63
4 -64
4 -65
5 -65
6 -65
7 -65
7 -66
8 -66
9 -66
9 -65
8 -65
6 -66
6 -64
6 -63
6 -62
7 -62
7 -63
8 -63
8 -62
8 -64
7 -64
5 -64
4 -66
5 -66
5 -67
6 -67
9 -62
9 -63
10 -63
11 -63
10 -61
10 -62
6 -56
5 -51
6 -51
5 -50
6 -50
7 -50
8 -50
4 -51
8 -49
10 -49
10 -50
10 -45
11 -45
12 -45
9 -45
9 -47
8 -47
6 -36
7 -36
4 -37
2 -36
1 -36
1 -35
1 -37
0 -37
-5 -40
-4 -40
-4 -41
-1 -37
-1 -38
-1 -39
5 -35
8 -26
8 -27
7 -22
5 -23
4 -23
4 -22
8 -21
8 -22
9 -22
9 -21
9 -20
9 -19
7 -18
7 -17
7 -16
6 -16
5 -16
4 -16
4 -15
4 -17
5 -17
6 -17
6 -18
5 -18
4 -18
3 -18
3 -17
2 -17
2 -18
1 -18
1 -17
2 -20
0 -19
-1 -19
0 -21
-4 -16
-5 -16
-6 -16
-6 -15
-7 -16
-8 -18
-9 -12
-8 -12
-10 -12
-11 -12
-12 -14
-11 -14
-14 -14
-15 -12
-16 -16
-18 -15
-18 -16
-19 -16
-20 -16
-20 -15
-19 -15
-20 -17
-21 -17
-22 -17
-19 -17
-19 -18
-18 -18
-17 -18
-16 -18
-15 -18
-14 -18
-14 -17
-14 -19
-13 -19
-13 -18
-12 -18
-12 -19
-13 -17
-12 -17
-11 -17
-11 -16
-10 -16
-11 -15
-12 -16
-12 -15
-13 -16
-13 -15
-14 -15
-14 -16
-15 -19
-18 -17
-17 -17
-16 -17
-15 -17
-18 -19
-18 -20
-19 -20
-19 -19
-19 -21
-18 -21
-17 -21
-17 -22
-16 -22
-16 -21
-15 -21
-16 -23
-16 -24
-20 -21
-21 -21
-22 -21
-22 -20
-21 -20
-22 -19
-21 -19
-22 -18
-21 -18
-20 -18
-20 -19
-20 -20
-23 -18
-24 -18
-24 -17
-24 -16
-23 -16
-23 -15
-23 -17
-24 -15
-24 -14
-24 -13
-25 -14
-25 -15
-26 -15
-27 -15
-25 -16
-25 -17
-25 -18
-26 -18
-27 -18
-27 -17
-26 -17
-27 -16
-26 -16
-28 -16
-28 -15
-29 -16
-29 -15
-30 -16
-31 -16
-31 -17
-31 -18
-32 -18
-32 -19
-33 -19
-31 -19
-30 -19
-29 -19
-28 -19
-29 -20
-29 -21
-29 -22
-30 -22
-30 -21
-30 -20
-31 -20
-32 -20
-33 -20
-32 -21
-33 -21
-34 -21
-35 -21
-36 -21
-36 -22
-35 -22
-37 -22
-37 -21
-37 -20
-38 -22
-38 -21
-39 -22
-39 -21
-39 -20
-38 -20
-38 -19
-39 -19
-40 -21
-40 -20
-41 -20
-41 -19
-42 -19
-43 -19
-43 -18
-42 -18
-41 -18
-40 -18
-39 -18
-39 -17
-39 -16
-38 -16
-37 -16
-36 -16
-35 -16
-34 -16
-34 -15
-33 -15
-33 -14
-32 -14
-33 -16
-32 -16
-35 -15
-36 -15
-37 -15
-37 -14
-36 -14
-35 -14
-35 -13
-35 -12
-35 -11
-36 -12
-36 -11
-36 -10
-36 -9
-35 -9
-34 -9
-34 -10
-33 -10
-35 -8
-34 -8
-35 -7
-35 -10
-37 -11
-37 -10
-38 -11
-39 -11
-39 -10
-38 -10
-40 -10
-40 -9
-40 -8
-39 -8
-39 -7
-38 -7
-37 -7
-36 -7
-37 -6
-36 -6
-37 -5
-38 -6
-38 -5
-38 -8
-38 -9
-37 -9
-39 -9
-39 -6
-39 -5
-39 -4
-40 -4
-41 -4
-41 -3
-40 -3
-39 -3
-38 -3
-37 -3
-37 -4
-38 -2
-40 -2
-41 -2
-41 -1
-41 0
-41 1
-42 1
-42 2
-42 3
-42 4
-41 4
-41 3
-42 5
-41 5
-40 5
-39 5
-38 5
-37 5
-36 5
-36 4
-35 4
-34 4
-33 4
-33 5
-33 6
-33 7
-32 7
-32 6
-31 6
-30 6
-29 6
-28 6
-28 5
-28 4
-27 4
-26 4
-26 5
-25 5
-25 6
-25 4
-25 3
-24 3
-23 3
-23 4
-23 5
-24 4
-23 2
-24 2
-23 1
-22 1
-23 0
-24 0
-24 1
-23 -1
-22 -1
-21 -1
-24 -1
-24 -2
-23 -2
-23 -3
-25 -2
-25 -3
-26 -3
-26 -2
-26 -1
-27 -2
-27 -3
-26 -4
-25 -4
-27 -4
-28 -4
-26 -5
-25 -5
-27 -5
-27 -6
-28 -6
-28 -5
-28 -7
-26 -6
-25 -6
-25 -7
-26 -7
-26 -8
-25 -8
-24 -8
-23 -8
-22 -8
-22 -7
-24 -7
-25 -9
-25 -10
-26 -10
-26 -9
-26 3
-27 3
-28 3
-27 2
-28 2
-27 1
-28 1
-29 1
-30 1
-30 2
-31 2
-31 3
-32 2
-31 1
-31 0
-32 0
-32 1
-33 1
-33 2
-34 2
-35 2
-35 1
-35 0
-34 0
-34 1
-34 -1
-33 -1
-33 -2
-32 -2
-31 -2
-32 -3
-33 -3
-33 -4
-32 -4
-32 -5
-33 -5
-34 -5
-35 -5
-35 -4
-35 -1
-36 -1
-36 -2
-37 -2
-36 -3
-34 -2
-36 0
-37 0
-33 0
-32 -1
-31 -1
-30 -1
-30 0
-29 0
-28 0
-30 -2
-29 -2
-28 -2
-28 -1
-29 -1
-28 -3
-30 -3
-30 -4
-31 -4
-31 -5
-26 2
-25 2
-25 1
-26 1
-34 5
-34 6
-34 7
-35 7
-35 6
-36 6
-35 5
-33 3
-32 3
-35 3
-37 6
-38 6
-38 7
-38 8
-39 8
-37 4
-39 6
-40 6
-40 7
-41 6
-42 6
-42 7
-42 8
-43 7
-44 7
-44 8
-43 8
-45 8
-45 9
-46 9
-46 10
-46 11
-45 11
-45 12
-46 12
-47 12
-47 13
-47 14
-46 14
-46 15
-45 15
-44 15
-43 15
-43 14
-42 14
-44 16
-43 16
-43 17
-42 17
-41 17
-41 18
-44 17
-44 18
-43 18
-43 19
-45 18
-45 19
-44 19
-46 19
-46 20
-45 20
-47 20
-47 19
-48 19
-49 19
-50 19
-51 19
-48 18
-47 18
-46 18
-47 17
-48 17
-45 17
-46 17
-46 16
-45 16
-47 16
-48 16
-49 16
-47 15
-44 14
-45 14
-45 13
-46 13
-48 14
-47 11
-48 11
-49 11
-47 10
-48 10
-48 9
-45 10
-44 10
-43 10
-42 10
-44 11
-44 9
-47 9
-47 8
-46 8
-45 7
-45 6
-43 6
-43 4
-43 5
-44 4
-44 3
-44 2
-43 3
-43 2
-43 1
-44 1
-43 0
-42 0
-44 0
-45 0
-45 1
-45 2
-45 3
-45 4
-46 4
-46 3
-46 2
-47 2
-47 3
-48 3
-48 2
-49 2
-49 3
-50 2
-50 3
-50 4
-50 5
-49 5
-48 5
-48 6
-49 6
-49 7
-48 7
-48 8
-49 8
-50 7
-50 8
-50 6
-51 4
-51 3
-50 1
-49 1
-48 1
-49 0
-48 0
-48 -1
-48 -2
-49 -1
-49 -2
-50 -2
-50 -1
-46 1
-47 1
-47 0
-46 0
-46 -1
-43 -1
-44 -1
-44 -2
-43 -2
-42 -2
-42 -1
-42 -3
-43 -3
-42 -4
-43 -4
-40 -5
-40 -6
-41 -6
-41 -5
-42 -6
-41 -7
-41 -8
-42 -8
-42 -7
-43 -8
-43 -7
-43 -6
-43 -5
-44 -6
-45 -6
-46 -6
-40 -7
-41 -9
-41 -10
-42 -10
-41 -11
-42 -11
-42 -12
-41 -12
-40 -12
-39 -12
-39 -13
-38 -13
-38 -12
-40 -11
-43 -12
-44 -12
-45 -12
-45 -11
-44 -11
-46 -11
-46 -12
-46 -13
-45 -13
-47 -13
-47 -12
-47 -11
-47 -10
-46 -10
-47 -9
-46 -9
-45 -9
-47 -8
-48 -10
-49 -10
-49 -9
-49 -8
-48 -8
-48 -9
-50 -9
-50 -10
-50 -11
-51 -11
-51 -12
-50 -12
-50 -13
-49 -13
-48 -13
-48 -14
-49 -14
-49 -11
-49 -12
-48 -12
-46 -14
-47 -14
-47 -15
-42 -13
-41 -13
-37 -12
-36 -13
-36 -17
-35 -17
-34 -17
-33 -17
-37 -17
-38 -17
-37 -18
-36 -18
-38 -18
-38 -15
-38 -14
-39 -15
-39 -14
-40 -16
-40 -15
-41 -15
-42 -15
-42 -14
-43 -15
-43 -16
-42 -16
-41 -16
-42 -17
-43 -17
-44 -16
-44 -15
-40 -17
-41 -17
-40 -19
-44 -18
-44 -19
-44 -20
-43 -20
-43 -21
-42 -21
-41 -21
-42 -22
-43 -22
-43 -23
-44 -21
-45 -21
-45 -20
-46 -20
-47 -20
-46 -21
-47 -21
-48 -21
-47 -22
-46 -22
-48 -22
-49 -22
-49 -21
-50 -21
-50 -20
-50 -19
-49 -19
-48 -19
-47 -19
-46 -19
-46 -18
-48 -18
-49 -18
-50 -18
-50 -17
-49 -17
-49 -16
-49 -15
-48 -15
-50 -15
-51 -15
-51 -14
-52 -15
-52 -14
-53 -15
-53 -14
-53 -13
-54 -13
-55 -13
-55 -12
-54 -12
-53 -12
-53 -11
-52 -11
-53 -10
-53 -9
-52 -9
-52 -8
-52 -7
-53 -7
-53 -8
-54 -8
-55 -8
-55 -7
-54 -7
-54 -6
-53 -6
-52 -6
-55 -6
-55 -5
-54 -5
-54 -4
-53 -4
-52 -4
-51 -4
-52 -5
-53 -5
-55 -4
-56 -5
-56 -4
-56 -3
-55 -3
-54 -3
-55 -2
-55 -1
-54 -1
-53 -1
-53 0
-53 1
-54 1
-54 0
-55 0
-54 -2
-56 -1
-56 0
-56 -2
-57 -2
-57 -3
-58 -3
-58 -4
-59 -4
-59 -3
-60 -3
-60 -4
-61 -4
-61 -3
-62 -3
-62 -4
-63 -4
-64 -4
-65 -4
-65 -3
-65 -2
-66 -2
-67 -2
-68 -2
-69 -2
-69 -1
-69 0
-68 0
-67 0
-67 -1
-66 -1
-65 -1
-64 -1
-64 0
-63 0
-62 0
-62 1
-61 1
-61 2
-61 3
-62 2
-62 3
-62 4
-61 4
-60 4
-59 4
-59 5
-62 5
-62 6
-63 6
-63 7
-62 7
-62 8
-61 8
-60 8
-59 8
-59 9
-59 10
-58 10
-58 11
-58 9
-57 9
-56 9
-55 9
-54 9
-54 8
-53 8
-52 8
-52 7
-53 9
-52 9
-51 9
-50 9
-50 10
-49 10
-51 8
-52 10
-52 11
-52 12
-53 10
-53 11
-53 12
-54 12
-54 11
-54 10
-53 7
-54 7
-54 6
-53 6
-52 6
-53 5
-52 5
-52 4
-53 4
-52 3
-53 3
-53 2
-52 2
-51 2
-51 1
-52 1
-51 0
-50 0
-52 0
-54 2
-54 3
-54 4
-55 3
-55 4
-55 5
-54 5
-56 4
-56 3
-56 2
-55 2
-55 8
-56 8
-56 7
-55 7
-55 6
-56 6
-57 6
-57 7
-57 8
-58 6
-57 5
-56 5
-55 10
-56 10
-56 11
-57 10
-57 11
-57 12
-56 12
-56 13
-55 13
-55 14
-57 13
-57 14
-58 14
-58 13
-59 13
-59 12
-58 12
-60 12
-59 11
-60 10
-60 11
-61 10
-61 11
-62 11
-61 9
-60 9
-59 7
-58 7
-60 7
-61 7
-61 6
-60 6
-59 6
-63 8
-63 9
-62 9
-62 10
-63 10
-64 10
-64 9
-65 9
-65 8
-66 8
-66 7
-65 7
-64 7
-65 6
-64 6
-65 5
-64 5
-66 5
-66 6
-67 5
-67 6
-67 4
-66 4
-67 3
-66 3
-65 4
-64 8
-63 5
-63 4
-64 4
-64 3
-63 3
-63 2
-62 -1
-61 -1
-60 -1
-59 -1
-59 0
-58 0
-57 0
-58 -1
-57 -1
-59 1
-58 1
-59 2
-59 3
-60 2
-60 3
-59 -2
-58 -2
-60 -2
-60 0
-63 -1
-63 -2
-62 -2
-61 -2
-64 -2
-64 -3
-63 -3
-64 1
-63 1
-68 -1
-70 0
-70 1
-70 2
-71 1
-71 2
-72 1
-72 2
-72 3
-71 3
-73 3
-74 3
-75 3
-75 4
-76 4
-76 5
-76 3
-77 3
-77 4
-77 5
-77 6
-76 6
-77 7
-77 8
-76 8
-75 8
-77 9
-76 9
-75 9
-74 9
-73 9
-72 9
-72 8
-71 8
-70 8
-69 8
-69 9
-70 9
-71 9
-71 7
-71 6
-73 8
-74 8
-74 7
-73 7
-77 10
-77 11
-76 11
-76 10
-77 12
-78 11
-79 11
-79 12
-80 12
-80 11
-80 10
-79 10
-78 10
-78 9
-79 9
-78 5
-79 5
-80 5
-80 6
-81 6
-82 6
-82 7
-83 7
-83 8
-83 6
-81 5
-82 5
-83 5
-84 5
-84 4
-83 4
-82 4
-81 4
-82 3
-81 3
-83 3
-84 3
-85 3
-85 4
-86 3
-86 4
-87 3
-87 4
-86 2
-83 2
-82 2
-80 4
-78 4
-79 4
-78 3
-76 2
-77 2
-77 1
-78 1
-78 2
-77 0
-78 0
-79 0
-80 0
-80 1
-79 1
-81 1
-80 -1
-79 -1
-78 -1
-77 -1
-78 -2
-79 -2
-79 -3
-80 -3
-81 -3
-82 -3
-83 -3
-84 -3
-84 -2
-85 -2
-85 -1
-85 0
-85 1
-84 1
-83 1
-82 1
-83 0
-83 -1
-84 2
-85 2
-84 0
-84 -1
-86 0
-86 -2
-86 -1
-87 -1
-87 0
-87 1
-87 2
-88 1
-88 2
-89 2
-90 2
-90 3
-90 4
-89 4
-88 4
-88 5
-89 5
-89 6
-89 7
-88 7
-88 8
-88 9
-88 6
-87 6
-86 6
-87 5
-86 5
-85 5
-89 8
-90 8
-90 9
-89 9
-90 10
-89 10
-89 11
-88 11
-87 11
-87 12
-87 13
-88 13
-88 14
-88 15
-88 16
-87 16
-87 17
-86 17
-86 16
-85 16
-84 16
-83 16
-84 15
-86 15
-87 18
-87 19
-87 20
-86 20
-85 20
-84 20
-83 20
-83 19
-83 18
-82 18
-82 19
-82 20
-81 20
-80 20
-79 20
-81 21
-81 22
-81 19
-80 19
-79 19
-79 18
-78 18
-79 17
-80 17
-80 18
-81 17
-81 18
-79 16
-83 17
-82 17
-82 16
-82 15
-82 14
-84 17
-85 17
-85 18
-85 19
-84 19
-86 19
-86 18
-86 21
-85 21
-84 21
-83 21
-83 22
-82 22
-84 22
-85 22
-86 22
-86 23
-85 23
-85 24
-86 24
-86 25
-85 25
-87 25
-88 25
-88 26
-87 26
-89 25
-89 26
-89 24
-90 24
-90 25
-90 26
-90 27
-90 28
-91 28
-91 27
-92 27
-93 27
-93 26
-91 25
-92 25
-91 24
-92 24
-93 24
-93 25
-94 25
-94 26
-94 27
-95 27
-95 25
-95 26
-95 24
-94 24
-96 24
-97 24
-97 23
-96 23
-96 22
-95 22
-95 21
-96 21
-97 21
-98 21
-98 20
-97 20
-96 20
-96 19
-95 19
-95 18
-96 18
-97 18
-97 19
-96 17
-95 17
-94 17
-95 16
-96 16
-97 17
-95 20
-94 20
-97 22
-98 22
-99 22
-99 23
-99 24
-98 24
-99 21
-93 23
-92 23
-91 23
-90 23
-91 22
-90 22
-89 23
-89 22
-89 21
-90 21
-91 21
-92 21
-90 20
-89 20
-88 20
-88 21
-87 21
-88 19
-88 18
-89 18
-90 18
-90 19
-91 18
-91 19
-92 19
-91 17
-90 17
-89 17
-88 17
-91 16
-90 16
-90 15
-92 16
-92 17
-92 18
-93 18
-93 19
-93 20
-93 21
-94 21
-94 18
-94 19
-93 16
-94 16
-93 15
-92 15
-92 14
-91 14
-90 14
-91 13
-93 14
-92 13
-91 15
-89 19
-91 20
-88 24
-88 23
-88 22
-87 22
-87 24
-87 15
-89 13
-89 12
-88 12
-91 9
-88 3
-90 5
-91 5
-91 6
-91 7
-90 7
-91 4
-92 4
-92 5
-92 6
-93 6
-93 7
-92 7
-92 8
-92 9
-92 10
-91 10
-91 11
-90 11
-90 12
-92 11
-93 11
-93 10
-94 10
-95 10
-95 9
-94 9
-93 9
-93 8
-94 6
-95 6
-96 6
-97 6
-98 6
-98 7
-98 8
-98 9
-97 9
-96 9
-96 10
-97 10
-98 10
-98 11
-97 8
-97 7
-96 7
-96 8
-99 8
-100 8
-99 7
-100 7
-100 6
-101 6
-102 6
-103 6
-103 7
-103 5
-102 5
-101 5
-100 5
-99 5
-98 5
-97 5
-98 4
-99 4
-99 6
-96 5
-96 4
-97 4
-93 5
-93 4
-92 3
-91 3
-91 2
-93 3
-92 2
-93 2
-93 1
-92 1
-92 0
-93 0
-93 -1
-94 -1
-94 0
-95 0
-89 1
-89 0
-90 0
-90 1
-90 -1
-91 -1
-88 -1
-88 0
-87 -2
-87 -3
-88 -3
-89 -3
-89 -2
-89 -1
-90 -3
-90 -2
-89 -4
-89 -5
-90 -5
-91 -5
-85 -3
-84 -4
-83 -4
-83 -5
-82 -5
-82 -4
-81 -4
-81 -5
-80 -5
-80 -4
-79 -4
-78 -4
-77 -4
-76 -4
-76 -3
-75 -3
-74 -3
-75 -4
-75 -5
-74 -5
-73 -5
-74 -6
-74 -7
-73 -7
-73 -8
-74 -8
-75 -7
-76 -7
-77 -7
-77 -6
-76 -6
-76 -5
-78 -7
-78 -6
-79 -6
-80 -6
-81 -6
-82 -6
-83 -6
-84 -6
-84 -7
-83 -7
-82 -7
-81 -7
-82 -8
-81 -8
-80 -8
-80 -7
-79 -7
-80 -9
-80 -10
-79 -10
-78 -10
-77 -10
-77 -9
-77 -8
-77 -11
-76 -11
-76 -12
-78 -11
-78 -12
-79 -12
-79 -11
-79 -13
-80 -13
-78 -13
-77 -13
-76 -13
-75 -13
-75 -14
-74 -14
-73 -14
-72 -14
-71 -14
-71 -13
-72 -13
-72 -15
-73 -15
-73 -16
-74 -16
-74 -15
-75 -15
-76 -15
-76 -14
-77 -15
-78 -15
-78 -16
-77 -16
-76 -16
-75 -16
-75 -17
-76 -17
-77 -17
-78 -17
-78 -18
-77 -18
-77 -19
-76 -19
-77 -20
-76 -20
-79 -18
-79 -17
-79 -16
-79 -15
-80 -16
-80 -15
-80 -14
-81 -14
-81 -13
-81 -12
-80 -12
-80 -11
-81 -11
-81 -10
-81 -9
-82 -12
-83 -12
-83 -11
-82 -11
-84 -11
-85 -11
-82 -14
-82 -13
-83 -13
-84 -13
-84 -12
-85 -12
-84 -14
-83 -14
-85 -14
-82 -15
-83 -15
-82 -16
-81 -16
-81 -15
-81 -17
-80 -17
-82 -17
-83 -17
-83 -16
-84 -16
-85 -16
-85 -15
-84 -15
-86 -15
-86 -14
-86 -13
-85 -13
-87 -13
-88 -13
-88 -12
-89 -12
-90 -12
-91 -12
-91 -13
-92 -13
-93 -13
-93 -14
-92 -14
-91 -14
-90 -14
-89 -14
-88 -14
-88 -15
-87 -15
-87 -14
-88 -16
-87 -16
-89 -16
-89 -15
-89 -17
-88 -17
-87 -17
-88 -18
-87 -18
-87 -19
-86 -19
-86 -18
-85 -18
-84 -18
-83 -18
-82 -18
-81 -18
-80 -18
-80 -19
-80 -20
-81 -20
-82 -20
-82 -19
-83 -19
-84 -19
-85 -19
-85 -20
-85 -21
-84 -21
-84 -20
-83 -20
-84 -17
-85 -17
-89 -18
-89 -19
-90 -19
-88 -19
-88 -20
-87 -20
-89 -20
-90 -20
-88 -21
-90 -17
-91 -17
-91 -16
-90 -18
-91 -18
-91 -19
-92 -19
-91 -20
-89 -13
-90 -13
-94 -14
-95 -14
-95 -13
-94 -13
-95 -12
-95 -11
-94 -11
-95 -10
-94 -10
-93 -10
-94 -9
-96 -10
-96 -9
-96 -8
-97 -10
-98 -10
-98 -11
-97 -11
-99 -11
-99 -10
-100 -10
-99 -12
-99 -13
-100 -13
-100 -12
-101 -12
-101 -13
-102 -13
-102 -14
-102 -15
-101 -15
-103 -15
-103 -14
-104 -14
-104 -15
-104 -16
-103 -16
-101 -14
-96 -11
-96 -13
-96 -14
-94 -15
-93 -15
-92 -15
-92 -16
-93 -16
-94 -16
-93 -17
-93 -18
-95 -15
-95 -16
-86 -16
-86 -17
-79 -19
-75 -18
-74 -18
-73 -18
-72 -18
-71 -18
-70 -18
-70 -19
-69 -19
-68 -19
-67 -19
-67 -18
-66 -18
-65 -18
-65 -17
-66 -17
-66 -16
-65 -16
-66 -15
-66 -14
-65 -14
-65 -13
-65 -12
-64 -12
-64 -11
-63 -11
-62 -11
-61 -11
-61 -10
-61 -9
-60 -9
-60 -10
-60 -11
-59 -11
-58 -11
-57 -11
-59 -10
-59 -12
-58 -12
-58 -13
-58 -14
-60 -12
-61 -12
-62 -12
-63 -12
-61 -13
-62 -13
-63 -13
-63 -14
-62 -14
-62 -15
-64 -14
-64 -13
-64 -15
-63 -15
-63 -16
-64 -16
-64 -17
-63 -17
-62 -17
-63 -18
-64 -18
-61 -14
-60 -14
-60 -13
-59 -13
-61 -15
-61 -16
-60 -16
-60 -15
-62 -10
-64 -10
-63 -10
-64 -9
-63 -9
-64 -8
-63 -8
-62 -8
-62 -7
-61 -7
-60 -7
-59 -7
-59 -8
-59 -9
-60 -8
-61 -8
-61 -6
-60 -6
-59 -6
-58 -6
-58 -7
-57 -7
-58 -8
-58 -9
-57 -9
-63 -7
-64 -7
-64 -6
-64 -5
-65 -5
-66 -5
-66 -4
-66 -3
-65 -6
-66 -6
-62 -9
-65 -9
-65 -8
-66 -9
-66 -8
-67 -8
-67 -7
-67 -9
-68 -9
-69 -9
-69 -8
-68 -8
-68 -7
-68 -6
-67 -6
-67 -5
-68 -5
-68 -4
-69 -4
-69 -3
-68 -3
-70 -4
-70 -5
-71 -5
-72 -5
-72 -4
-72 -3
-73 -3
-73 -2
-72 -2
-72 -1
-71 -1
-70 -1
-71 0
-72 0
-73 0
-73 1
-74 0
-73 -1
-71 -2
-70 -2
-73 -4
-72 -6
-73 -6
-72 -7
-71 -6
-70 -6
-70 -7
-69 -5
-70 -8
-70 -9
-71 -9
-72 -9
-68 -10
-67 -10
-66 -10
-69 -10
-68 -11
-67 -11
-66 -11
-65 -11
-66 -12
-69 -11
-70 -11
-65 -10
-66 -13
-67 -13
-67 -15
-68 -15
-68 -14
-68 -13
-69 -14
-70 -14
-70 -13
-69 -13
-69 -15
-70 -15
-67 -16
-68 -16
-69 -16
-70 -16
-71 -16
-72 -16
-71 -17
-69 -17
-69 -18
-68 -17
-67 -17
-65 -19
-64 -19
-64 -20
-65 -20
-64 -21
-68 -18
-67 -20
-68 -20
-69 -20
-69 -21
-72 -19
-72 -20
-73 -17
-72 -17
-74 -17
-74 -19
-73 -19
-75 -19
-75 -20
-74 -20
-74 -13
-77 -14
-78 -14
-83 -8
-84 -8
-84 -9
-85 -9
-85 -8
-85 -7
-85 -6
-83 -9
-82 -9
-82 -10
-78 -8
-78 -9
-76 -8
-75 -8
-75 -9
-75 -10
-74 -10
-73 -10
-72 -10
-71 -10
-74 -9
-75 -11
-74 -11
-73 -11
-73 -12
-72 -12
-71 -12
-71 -11
-73 -13
-74 -12
-75 -12
-76 -9
-75 -6
-76 -2
-75 -2
-77 -2
-77 -3
-78 -3
-77 -5
-79 -5
-78 -5
-84 -5
-76 1
-75 1
-75 2
-74 2
-62 -5
-61 -5
-60 -5
-57 -4
-57 -5
-57 -6
-56 -6
-56 -8
-57 -8
-54 -9
-55 -9
-54 -11
-54 -10
-55 -10
-56 -10
-55 -11
-56 -11
-56 -12
-57 -12
-57 -13
-56 -13
-56 -14
-55 -14
-54 -14
-54 -15
-54 -16
-50 -16
-51 -16
-52 -16
-53 -16
-53 -17
-52 -17
-51 -17
-54 -17
-51 -18
-52 -18
-49 -20
-51 -20
-51 -19
-51 -21
-49 -23
-45 -22
-44 -22
-40 -22
-40 -23
-39 -23
-41 -23
-42 -23
-42 -24
-42 -25
-41 -25
-41 -26
-42 -26
-43 -26
-44 -26
-44 -25
-45 -25
-46 -25
-47 -25
-48 -25
-48 -24
-47 -24
-49 -24
-47 -26
-47 -27
-46 -27
-46 -26
-46 -28
-48 -27
-48 -26
-49 -27
-50 -27
-50 -26
-51 -26
-52 -26
-51 -27
-51 -28
-50 -28
-48 -28
-47 -28
-47 -29
-46 -29
-45 -29
-45 -28
-44 -28
-43 -28
-44 -29
-43 -29
-43 -30
-42 -30
-42 -31
-41 -31
-41 -32
-42 -32
-45 -27
-44 -27
-45 -26
-47 -30
-48 -30
-48 -31
-47 -31
-47 -32
-46 -32
-46 -33
-47 -33
-48 -33
-49 -33
-49 -32
-49 -31
-49 -30
-50 -30
-50 -31
-51 -31
-51 -30
-50 -32
-50 -33
-51 -33
-51 -32
-52 -32
-52 -31
-52 -30
-52 -29
-51 -29
-50 -29
-53 -29
-54 -29
-54 -28
-53 -28
-52 -28
-52 -27
-53 -27
-54 -27
-55 -28
-55 -27
-56 -28
-56 -27
-57 -27
-58 -27
-55 -29
-54 -30
-53 -30
-53 -31
-54 -31
-53 -32
-53 -33
-49 -34
-48 -34
-47 -34
-47 -35
-48 -35
-49 -35
-49 -36
-48 -36
-47 -36
-46 -36
-46 -35
-47 -37
-46 -37
-46 -38
-47 -38
-48 -38
-48 -39
-49 -39
-49 -38
-49 -40
-48 -40
-48 -41
-47 -41
-47 -40
-46 -40
-45 -40
-44 -40
-47 -39
-49 -41
-49 -42
-48 -42
-47 -42
-46 -42
-46 -41
-45 -41
-46 -43
-47 -43
-48 -43
-49 -43
-48 -44
-47 -44
-48 -45
-47 -45
-48 -46
-46 -44
-46 -45
-45 -45
-45 -44
-44 -44
-44 -45
-44 -46
-43 -46
-43 -45
-42 -45
-41 -45
-41 -44
-40 -44
-40 -43
-40 -42
-39 -42
-38 -42
-37 -42
-37 -43
-36 -43
-35 -43
-34 -43
-35 -44
-36 -42
-38 -43
-39 -43
-39 -44
-37 -44
-36 -44
-38 -44
-38 -45
-37 -45
-36 -45
-36 -46
-37 -46
-37 -47
-36 -47
-35 -47
-36 -48
-35 -48
-34 -48
-33 -48
-33 -47
-32 -47
-31 -47
-31 -48
-32 -48
-33 -46
-34 -47
-35 -49
-36 -49
-37 -49
-37 -48
-38 -49
-38 -48
-39 -48
-39 -47
-38 -47
-38 -46
-40 -47
-40 -48
-41 -48
-42 -48
-43 -48
-43 -47
-42 -47
-41 -47
-41 -46
-44 -47
-45 -47
-44 -48
-44 -49
-43 -49
-45 -49
-45 -50
-44 -50
-44 -51
-43 -51
-45 -51
-46 -51
-44 -52
-43 -52
-42 -52
-41 -52
-40 -52
-42 -53
-41 -53
-40 -53
-41 -54
-42 -54
-43 -54
-42 -55
-43 -55
-43 -56
-42 -56
-44 -56
-43 -57
-42 -57
-41 -57
-40 -57
-39 -57
-39 -56
-39 -55
-40 -55
-40 -56
-40 -58
-39 -58
-38 -58
-37 -58
-36 -58
-35 -58
-34 -58
-36 -57
-35 -57
-34 -57
-36 -56
-36 -55
-35 -55
-34 -55
-33 -55
-33 -54
-33 -56
-34 -56
-35 -56
-33 -57
-35 -54
-37 -55
-38 -55
-38 -54
-37 -54
-38 -53
-39 -53
-39 -52
-39 -51
-40 -51
-41 -51
-42 -51
-42 -50
-41 -50
-40 -50
-39 -50
-40 -49
-41 -49
-42 -49
-37 -56
-38 -56
-37 -57
-38 -57
-36 -59
-37 -59
-38 -59
-39 -59
-41 -58
-42 -58
-42 -59
-42 -60
-41 -59
-40 -59
-41 -60
-44 -57
-43 -53
-44 -53
-45 -53
-45 -52
-46 -52
-47 -52
-47 -51
-47 -50
-48 -52
-48 -51
-48 -50
-49 -50
-48 -53
-47 -53
-47 -54
-46 -54
-45 -54
-44 -54
-44 -55
-45 -55
-46 -55
-47 -55
-48 -55
-48 -54
-49 -54
-50 -54
-51 -54
-50 -55
-49 -55
-45 -56
-45 -57
-45 -58
-44 -58
-45 -59
-44 -59
-43 -59
-43 -60
-43 -61
-44 -61
-44 -60
-45 -60
-39 -49
-37 -50
-38 -50
-38 -51
-38 -52
-37 -52
-36 -52
-36 -51
-36 -50
-36 -53
-35 -53
-34 -53
-34 -52
-33 -52
-32 -52
-31 -52
-30 -52
-29 -52
-30 -53
-31 -53
-31 -54
-30 -54
-29 -54
-28 -54
-27 -54
-26 -54
-25 -54
-25 -55
-26 -55
-27 -55
-28 -55
-25 -56
-26 -56
-26 -53
-25 -53
-25 -52
-25 -51
-24 -51
-26 -52
-29 -55
-30 -55
-32 -54
-32 -53
-32 -55
-31 -55
-32 -51
-33 -51
-33 -50
-34 -51
-34 -50
-37 -53
-38 -41
-38 -40
-39 -40
-39 -41
-40 -41
-40 -40
-40 -39
-39 -39
-38 -39
-37 -39
-37 -40
-37 -41
-40 -38
-40 -37
-39 -37
-38 -37
-37 -37
-36 -37
-36 -36
-35 -36
-36 -38
-35 -38
-35 -37
-36 -39
-37 -38
-38 -38
-40 -36
-41 -37
-41 -36
-41 -35
-42 -35
-42 -34
-42 -33
-43 -33
-43 -32
-43 -31
-44 -31
-44 -32
-43 -34
-44 -34
-45 -34
-43 -35
-44 -35
-45 -35
-43 -36
-44 -36
-43 -37
-42 -37
-42 -36
-44 -37
-41 -38
-41 -39
-41 -40
-42 -40
-42 -39
-43 -39
-43 -38
-42 -38
-44 -38
-44 -39
-43 -40
-42 -41
-41 -41
-41 -42
-41 -43
-42 -43
-42 -42
-43 -43
-43 -44
-42 -44
-45 -46
-46 -46
-46 -47
-46 -48
-50 -34
-50 -35
-50 -36
-46 -34
-49 -28
-48 -29
-43 -27
-43 -25
-43 -24
-40 -24
-39 -24
-41 -24
-40 -25
-39 -25
-38 -25
-37 -25
-37 -26
-36 -26
-35 -26
-34 -26
-34 -25
-33 -25
-33 -24
-32 -24
-31 -24
-32 -25
-35 -25
-35 -24
-35 -27
-36 -27
-35 -28
-36 -25
-37 -27
-39 -26
-40 -26
-38 -23
-38 -24
-37 -24
-37 -23
-36 -23
-35 -23
-34 -23
-33 -23
-34 -22
-33 -22
-34 -24
-32 -22
-31 -22
-31 -23
-31 -21
-29 -23
-28 -23
-27 -23
-26 -23
-25 -23
-24 -23
-23 -23
-23 -22
-24 -22
-24 -21
-25 -22
-25 -21
-25 -20
-24 -20
-26 -21
-27 -21
-27 -20
-27 -19
-26 -19
-25 -19
-24 -19
-26 -20
-28 -20
-28 -21
-27 -22
-26 -22
-25 -24
-24 -24
-24 -25
-23 -25
-22 -25
-21 -25
-21 -24
-22 -24
-22 -23
-21 -26
-20 -26
-22 -26
-22 -27
-21 -27
-21 -28
-21 -29
-22 -29
-23 -29
-24 -29
-24 -28
-23 -28
-25 -28
-26 -28
-26 -27
-26 -29
-26 -30
-23 -30
-21 -30
-20 -30
-19 -30
-19 -29
-19 -28
-19 -27
-20 -31
-23 -27
-23 -26
-24 -27
-22 -28
-23 -24
-24 -26
-25 -26
-26 -26
-27 -26
-27 -25
-27 -24
-28 -24
-28 -25
-29 -25
-29 -24
-30 -24
-30 -25
-31 -25
-31 -26
-30 -26
-29 -26
-29 -27
-29 -28
-28 -28
-28 -27
-27 -27
-27 -28
-28 -26
-28 -29
-27 -29
-30 -28
-30 -27
-31 -28
-31 -27
-31 -29
-31 -30
-32 -30
-32 -31
-31 -31
-31 -32
-32 -32
-32 -33
-33 -31
-33 -32
-30 -29
-30 -30
-29 -30
-29 -29
-29 -31
-30 -31
-32 -26
-33 -26
-32 -27
-33 -27
-34 -27
-34 -28
-34 -29
-35 -29
-34 -30
-35 -30
-36 -30
-36 -31
-35 -31
-35 -32
-34 -32
-34 -33
-33 -33
-34 -34
-33 -34
-35 -34
-35 -35
-34 -35
-33 -35
-32 -35
-31 -35
-30 -35
-29 -35
-28 -35
-28 -34
-27 -34
-29 -34
-29 -33
-28 -33
-27 -33
-26 -33
-25 -33
-24 -33
-23 -33
-24 -32
-23 -32
-24 -31
-25 -31
-25 -30
-25 -32
-25 -34
-24 -34
-23 -34
-22 -34
-21 -34
-22 -35
-22 -36
-23 -36
-23 -37
-22 -37
-24 -37
-24 -36
-24 -35
-25 -35
-26 -35
-26 -36
-25 -36
-25 -37
-26 -37
-27 -37
-27 -38
-27 -39
-26 -39
-28 -39
-29 -39
-29 -38
-29 -37
-28 -37
-29 -36
-28 -36
-27 -36
-27 -40
-26 -40
-25 -40
-25 -39
-24 -39
-23 -39
-22 -39
-21 -39
-21 -38
-20 -38
-19 -38
-18 -38
-17 -38
-16 -38
-16 -37
-15 -37
-16 -39
-15 -39
-15 -38
-15 -40
-17 -39
-17 -40
-20 -37
-20 -36
-20 -35
-20 -34
-21 -35
-21 -36
-21 -37
-20 -39
-20 -40
-21 -40
-22 -40
-20 -41
-21 -41
-22 -41
-21 -42
-20 -42
-20 -43
-19 -43
-19 -44
-18 -44
-17 -44
-16 -44
-17 -45
-18 -45
-18 -46
-17 -46
-17 -47
-18 -47
-19 -47
-19 -46
-20 -46
-21 -46
-20 -47
-21 -47
-22 -47
-22 -46
-22 -45
-23 -45
-23 -44
-23 -43
-24 -43
-24 -42
-25 -42
-25 -41
-26 -41
-27 -41
-27 -42
-26 -42
-26 -43
-27 -43
-28 -43
-27 -44
-26 -44
-25 -44
-27 -45
-26 -45
-25 -45
-24 -45
-24 -44
-24 -46
-23 -46
-23 -47
-24 -47
-25 -47
-24 -48
-23 -48
-22 -48
-22 -49
-26 -46
-25 -46
-28 -45
-28 -44
-27 -46
-21 -48
-19 -48
-19 -49
-19 -50
-19 -51
-19 -52
-18 -52
-17 -52
-17 -48
-18 -48
-18 -43
-20 -44
-21 -43
-22 -38
-23 -40
-24 -40
-23 -41
-24 -41
-24 -38
-23 -38
-25 -38
-26 -38
-28 -40
-29 -40
-29 -41
-30 -41
-30 -40
-31 -40
-26 -32
-27 -32
-28 -32
-28 -31
-26 -34
-29 -32
-30 -33
-30 -34
-31 -34
-32 -34
-30 -36
-31 -36
-30 -37
-30 -38
-31 -38
-31 -39
-33 -36
-32 -36
-32 -37
-31 -37
-32 -38
-32 -39
-33 -39
-33 -38
-33 -37
-34 -37
-34 -36
-34 -38
-34 -39
-35 -39
-33 -40
-33 -41
-34 -41
-34 -40
-35 -40
-35 -41
-36 -41
-34 -42
-35 -42
-35 -33
-36 -32
-37 -32
-37 -31
-38 -32
-33 -28
-32 -28
-32 -29
-33 -29
-25 -27
-30 -23
-30 -17
-29 -17
-28 -17
-28 -18
-29 -18
-30 -18
-23 -19
-23 -20
-23 -21
-22 -22
-21 -22
-21 -23
-20 -23
-20 -24
-19 -24
-18 -24
-20 -22
-19 -22
-18 -22
-18 -23
-17 -23
-17 -24
-19 -23
-20 -13
-23 -13
-23 -14
-17 -8
-18 -8
-16 -9
-15 -7
-17 -3
-20 -3
-22 5
-23 6
-25 7
-26 7
-26 8
-27 8
-27 9
-28 9
-29 9
-29 8
-30 8
-29 7
-28 7
-27 7
-30 7
-31 7
-24 6
-24 5
-23 12
-20 3
-17 4
-18 4
-15 4
-16 4
-16 3
-17 3
-18 3
-16 2
-13 3
-12 3
-12 2
-11 2
-11 3
-10 3
-9 3
-8 3
-8 4
-9 4
-9 5
-9 6
-9 7
-10 5
-11 5
-10 2
-9 2
-9 1
-10 1
-11 1
-12 1
-11 0
-10 0
-12 0
-14 6
-13 10
-12 9
-11 9
-12 8
2 1
2 0
3 0
3 1
3 2
3 -1
4 -1
5 -1
6 -1
6 0
7 0
6 1
5 0
5 1
4 0
4 1
4 2
4 -2
4 -3
3 -3
3 -2
2 -2
2 -1
1 -1
1 0
1 -2
0 -2
0 -3
-1 -3
-1 -4
-2 -4
-3 -4
-3 -3
-3 -2
-3 -1
-2 -1
-2 -2
-3 0
-4 0
-5 0
-5 -1
-4 -1
-6 -1
-6 0
-7 -1
-7 0
-8 0
-8 -1
-9 -1
-9 0
-8 -2
-7 -2
-6 -2
-6 -3
-5 -3
-5 -2
-7 -3
-8 -3
-9 -3
-9 -2
-9 -4
-8 -4
-8 -5
-7 -5
-9 -5
-8 -6
-7 -4
-6 -4
-6 -5
-6 -6
-7 -6
-7 -7
-8 -7
-9 -7
-10 -7
-11 -7
-6 -7
-5 -7
-4 -2
-2 -5
-1 -5
-1 -6
-2 -6
2 -3
1 -3
1 -4
3 -4
4 -4
2 -4
2 -5
1 -5
0 -5
0 -6
1 -6
2 -6
1 -7
1 -8
2 -8
3 -8
4 -8
5 -8
5 -7
4 -7
4 -9
5 -9
5 -10
4 -10
3 -10
3 -9
2 -9
3 -11
4 -11
4 -12
3 -12
3 -13
2 -13
4 -13
4 -14
2 -11
1 -11
3 -7
