1187
0 0
-1 0
-1 1
-2 0
-3 0
-3 -1
-4 -1
-2 -1
-1 -1
0 -1
1 -1
1 0
1 1
2 1
3 1
4 1
5 1
5 2
6 2
7 2
6 1
7 1
7 0
8 0
8 -1
8 -2
7 -2
8 -3
7 -3
6 -3
6 -2
6 -4
7 -4
8 -4
7 -5
8 -5
8 -6
9 -6
9 -5
10 -5
9 -4
10 -4
11 -4
11 -3
12 -3
13 -3
14 -3
14 -2
15 -2
15 -1
16 -1
16 0
17 0
18 0
19 0
17 1
17 2
17 3
16 3
16 2
15 2
14 2
13 2
13 3
14 3
14 4
13 4
12 3
12 4
11 3
11 4
12 2
11 2
10 2
10 3
15 1
16 1
17 -1
17 -2
16 -2
17 -3
15 0
14 0
14 -1
15 -3
16 -3
16 -4
15 -4
15 -5
15 -6
16 -6
16 -5
14 -6
14 -5
14 -4
13 -5
13 -4
12 -4
12 -5
14 -7
15 -7
16 -7
17 -7
18 -7
18 -8
18 -9
17 -9
18 -10
17 -10
17 -11
18 -11
13 -2
11 -2
11 -1
12 -1
12 0
13 0
13 1
14 1
12 1
12 -2
10 -3
9 -3
9 -2
7 -6
7 -7
8 -7
9 -7
6 -5
5 -5
6 -6
6 -7
5 -7
5 -6
4 -7
4 -6
3 -6
3 -5
2 -6
1 -6
1 -5
2 -5
2 -4
2 -3
3 -3
3 -2
3 -1
4 -1
5 -1
6 -1
6 0
5 0
4 0
3 0
2 0
2 -1
2 -2
1 -2
0 -2
-1 -2
-2 -2
-3 -2
-4 -2
-5 -2
-5 -1
-6 -1
-7 -1
-6 -2
-7 -2
-7 -3
-6 -3
-8 -3
-9 -3
-9 -4
-8 -4
-7 -4
-6 -4
-6 -5
-7 -5
-8 -5
-9 -5
-9 -6
-9 -7
-8 -7
-8 -6
-10 -4
-10 -3
-10 -5
-11 -5
-12 -5
-13 -5
-14 -5
-14 -4
-13 -4
-12 -4
-13 -3
-13 -2
-14 -2
-14 -1
-13 -1
-13 0
-13 1
-12 1
-12 2
-11 2
-11 3
-10 3
-10 4
-9 4
-9 5
-8 5
-7 5
-6 5
-6 6
-5 6
-5 7
-5 8
-5 5
-5 4
-7 6
-7 7
-6 7
-6 8
-6 9
-5 9
-5 10
-4 10
-4 11
-3 11
-3 10
-2 10
-4 12
-5 12
-6 12
-7 12
-8 12
-7 11
-8 11
-7 10
-6 10
-8 10
-9 10
-9 9
-10 9
-11 9
-12 9
-13 9
-13 10
-12 10
-11 10
-13 11
-13 12
-14 12
-15 12
-16 12
-16 13
-16 14
-17 13
-17 14
-18 13
-18 14
-19 14
-19 15
-18 15
-20 14
-21 14
-21 13
-20 13
-19 13
-19 12
-18 12
-17 12
-17 11
-16 11
-15 11
-15 10
-15 9
-14 9
-18 11
-19 11
-20 11
-20 12
-21 12
-21 11
-21 10
-20 10
-14 11
-14 10
-12 8
-11 8
-10 8
-9 8
-8 8
-8 7
-9 7
-9 6
-8 6
-11 7
-10 7
-10 6
-11 6
-10 5
-11 5
-11 4
-12 4
-12 5
-12 3
-8 9
-7 9
-5 11
-6 11
-4 9
-3 9
-4 8
-3 8
-4 7
-3 7
-3 6
-4 6
-3 5
-2 5
-1 5
-1 6
-2 4
-7 8
-7 4
-6 4
-8 4
-8 3
-9 3
-7 3
-6 3
-5 3
-5 2
-4 2
-3 2
-2 2
-1 2
-2 3
-1 3
0 3
1 3
1 4
0 4
0 5
1 5
1 6
2 6
-1 4
-3 3
-3 1
-4 1
-4 0
-5 0
-5 1
-7 2
-6 2
-8 2
-9 2
-9 1
-8 1
-7 1
-6 1
-6 0
-7 0
-8 0
-9 0
-10 0
-10 1
-10 2
-11 1
-11 0
-12 0
-9 -1
-9 -2
-14 0
-15 0
-15 1
-15 2
-14 2
-13 2
-14 1
-15 3
-15 4
-15 5
-14 5
-16 5
-16 6
-17 5
-18 5
-19 5
-19 4
-17 4
-16 4
-16 3
-17 3
-18 3
-18 4
-19 3
-19 2
-18 2
-18 1
-19 1
-20 2
-17 2
-16 2
-16 1
-17 1
-17 0
-16 0
-16 -1
-14 -3
-15 -3
-15 -2
-15 -1
-16 -2
-17 -2
-18 -2
-18 -1
-18 0
-19 0
-19 -1
-16 -3
-17 -3
-17 -4
-16 -4
-15 -4
-17 -5
-18 -5
-18 -6
-17 -6
-16 -6
-15 -6
-15 -5
-16 -7
-17 -7
-17 -8
-11 -6
-10 -6
-10 -7
-10 -8
-10 -9
-10 -10
-11 -10
-11 -9
-12 -10
-12 -9
-12 -8
-13 -8
-13 -9
-13 -10
-13 -11
-14 -11
-12 -11
-11 -11
-10 -11
-9 -11
-8 -11
-8 -10
-8 -9
-8 -8
-9 -9
-9 -8
-9 -10
-8 -12
-7 -12
-6 -12
-5 -12
-5 -13
-4 -13
-3 -13
-2 -13
-1 -13
-1 -12
-2 -12
-2 -11
-2 -10
-3 -11
-4 -11
-4 -12
-3 -12
-5 -14
-4 -14
-6 -14
-6 -13
-6 -15
-5 -15
-4 -15
-5 -16
-7 -15
-7 -14
-7 -13
-8 -15
-9 -15
-9 -14
-8 -14
-9 -13
-9 -12
-10 -12
-11 -12
-11 -13
-10 -13
-10 -14
-11 -14
-10 -15
-10 -16
-9 -16
-11 -16
-11 -17
-11 -18
-10 -18
-9 -18
-9 -19
-10 -19
-10 -20
-9 -20
-10 -21
-9 -21
-11 -21
-11 -20
-11 -22
-10 -22
-9 -22
-12 -22
-12 -23
-11 -23
-12 -24
-13 -24
-13 -23
-14 -23
-15 -23
-16 -23
-16 -22
-16 -24
-15 -24
-14 -24
-16 -25
-15 -25
-17 -25
-17 -26
-16 -26
-15 -26
-15 -27
-12 -25
-11 -25
-11 -26
-10 -17
-9 -17
-8 -16
-6 -11
-5 -11
-5 -10
-6 -10
-7 -10
-7 -9
-7 -8
-6 -8
-6 -7
-5 -7
-4 -7
-3 -7
-3 -6
-2 -6
-4 -6
-3 -8
-2 -8
-1 -8
0 -8
-1 -7
-2 -7
-2 -9
-1 -9
-1 -10
0 -10
0 -9
1 -9
2 -9
3 -9
3 -8
3 -10
2 -10
1 -10
1 -11
2 -11
2 -12
2 -13
1 -8
2 -8
-3 -9
-3 -10
-5 -6
-5 -5
-4 -5
-3 -5
-2 -5
-1 -5
-1 -6
0 -6
0 -7
-5 -4
-4 -4
-3 -4
-5 -3
-5 -8
-5 -9
-4 -9
-4 -8
-7 -7
-7 -11
-12 -6
-4 -3
-3 -3
0 -3
5 -2
1 -3
1 -4
0 -5
0 -4
1 -7
3 -7
2 -7
4 -8
4 -9
5 -9
5 -10
4 -10
4 -11
5 -11
6 -11
5 -12
5 -13
5 -14
6 -14
7 -14
6 -15
6 -16
7 -16
7 -15
7 -17
6 -17
5 -17
7 -18
8 -18
9 -18
9 -17
10 -17
11 -17
11 -16
11 -18
12 -18
13 -18
12 -17
12 -19
13 -19
14 -19
11 -19
10 -19
10 -20
10 -21
11 -21
12 -21
12 -22
13 -22
13 -21
14 -21
14 -20
14 -22
15 -22
16 -22
16 -21
17 -21
17 -20
16 -20
16 -19
16 -18
16 -17
15 -17
15 -18
14 -18
15 -19
16 -23
17 -23
18 -23
19 -23
20 -23
19 -22
17 -22
17 -24
18 -24
16 -24
15 -24
15 -23
14 -24
14 -23
13 -23
12 -23
11 -23
11 -22
11 -24
10 -24
10 -23
9 -24
9 -23
9 -22
10 -22
9 -21
8 -21
8 -22
7 -22
9 -25
10 -25
10 -26
9 -26
9 -27
10 -27
8 -27
8 -26
7 -26
6 -26
6 -25
7 -25
7 -24
8 -24
8 -25
6 -24
5 -24
4 -24
5 -25
5 -26
7 -27
6 -27
5 -27
6 -28
7 -28
8 -28
8 -29
9 -29
9 -30
8 -30
7 -30
7 -29
6 -29
5 -29
5 -28
4 -29
4 -28
4 -27
4 -26
4 -25
3 -27
2 -27
3 -28
4 -30
4 -31
5 -31
6 -31
6 -30
5 -30
3 -31
2 -31
7 -31
8 -31
9 -31
10 -31
11 -31
12 -31
13 -31
13 -32
14 -32
15 -32
15 -33
16 -33
17 -33
18 -33
19 -33
14 -33
13 -33
12 -33
11 -33
10 -33
9 -33
8 -33
8 -34
9 -34
10 -34
11 -34
11 -35
11 -36
10 -36
10 -35
9 -35
8 -35
7 -35
7 -34
7 -36
6 -36
15 -34
14 -31
12 -32
10 -30
11 -30
12 -30
13 -30
10 -32
11 -32
8 -32
9 -32
7 -32
6 -32
5 -32
4 -32
3 -32
2 -32
2 -33
2 -34
3 -34
3 -33
4 -33
5 -33
5 -34
5 -35
6 -35
6 -34
4 -35
3 -35
2 -35
2 -36
2 -37
3 -37
2 -38
3 -38
4 -38
4 -39
5 -39
5 -38
6 -38
5 -37
5 -36
3 -39
3 -40
1 -38
1 -37
0 -37
-1 -37
-1 -38
0 -38
-2 -38
1 -39
2 -39
2 -40
1 -40
2 -41
1 -41
4 -36
3 -36
4 -34
6 -33
7 -33
9 -28
10 -28
11 -28
12 -28
12 -29
11 -29
10 -29
11 -25
12 -25
12 -24
13 -24
14 -25
15 -25
13 -25
14 -26
15 -26
15 -27
13 -26
14 -27
13 -27
12 -27
14 -28
13 -28
14 -29
15 -29
15 -28
15 -30
15 -31
16 -31
17 -31
18 -31
18 -32
19 -32
17 -32
16 -30
17 -30
17 -29
18 -29
18 -28
18 -27
19 -27
17 -28
17 -27
16 -27
16 -26
16 -28
16 -29
16 -32
16 -25
17 -25
18 -25
18 -26
19 -26
20 -26
21 -26
21 -25
22 -25
23 -25
22 -26
23 -26
21 -24
22 -24
23 -24
24 -24
25 -24
25 -23
25 -22
25 -21
24 -23
24 -22
24 -21
23 -21
22 -21
21 -21
20 -21
20 -22
23 -22
23 -23
22 -23
21 -23
21 -22
22 -22
20 -24
20 -25
19 -25
21 -27
20 -27
15 -21
15 -20
13 -20
12 -20
11 -20
10 -18
10 -16
9 -16
9 -15
9 -14
9 -13
10 -13
10 -12
11 -12
12 -12
9 -12
8 -12
8 -11
8 -10
8 -9
9 -9
9 -8
10 -8
11 -8
11 -9
10 -9
10 -10
11 -10
9 -10
9 -11
10 -11
10 -7
11 -7
10 -6
8 -8
7 -10
7 -9
7 -8
6 -8
5 -8
6 -9
6 -10
7 -11
7 -12
6 -12
8 -16
8 -15
8 -17
6 -18
6 -19
7 -19
7 -20
8 -20
9 -20
6 -20
5 -16
5 -15
4 -16
4 -15
4 -14
4 -13
4 -12
3 -12
3 -13
3 -14
3 -15
2 -15
2 -14
3 -16
3 -17
2 -17
2 -16
1 -17
2 -18
3 -18
3 -19
4 -19
5 -19
4 -18
5 -18
4 -17
2 -19
1 -19
1 -18
0 -18
0 -19
4 2
4 3
4 4
4 5
3 4
3 5
3 6
4 6
5 6
6 6
7 6
7 7
7 5
8 5
8 6
8 4
4 7
5 7
6 7
6 8
5 8
4 8
4 9
3 9
3 10
2 9
2 10
2 11
3 11
4 11
5 11
5 10
6 10
6 11
6 12
6 9
7 9
7 10
7 8
8 8
8 9
9 9
10 9
11 9
11 10
12 10
12 9
13 9
14 9
11 8
12 8
10 8
10 7
9 7
9 8
9 6
10 6
11 6
10 5
9 10
10 10
9 11
10 11
11 11
12 11
10 12
11 12
12 12
12 13
10 13
10 14
11 14
12 14
12 15
13 15
13 14
11 15
10 15
10 16
9 16
9 15
8 15
8 16
7 15
7 16
7 17
6 16
5 16
5 17
6 17
4 17
4 18
5 18
6 18
6 19
6 20
7 20
8 20
8 21
7 21
7 22
8 22
8 23
8 24
8 25
7 24
7 25
7 23
6 21
5 19
4 19
4 20
3 18
3 17
2 17
6 15
6 14
7 14
7 13
8 13
5 14
5 15
4 14
4 15
4 13
5 13
3 13
3 14
4 12
5 12
9 13
9 12
8 12
7 12
8 10
8 11
5 9
4 10
1 11
1 12
0 12
0 11
-1 11
-1 12
1 10
1 9
1 8
3 8
2 8
2 4
2 3
3 3
3 2
2 2
0 1
0 2
