1574
0 0
1 0
2 0
2 1
0 1
0 2
-1 0
-1 1
-1 2
-2 1
-2 2
-2 3
-1 3
0 3
1 3
1 4
1 5
1 6
2 6
3 6
4 6
5 6
6 6
6 7
7 7
8 7
8 8
9 8
10 8
11 8
12 8
12 9
13 9
13 10
14 10
15 10
16 10
16 9
17 9
17 10
18 10
17 11
17 12
18 12
19 12
18 13
19 13
20 13
21 13
21 14
22 14
22 13
23 13
22 12
23 12
23 11
21 12
22 11
21 11
21 10
22 10
21 15
21 16
22 16
21 17
22 17
22 18
23 18
23 19
24 19
24 20
24 21
25 21
25 20
26 20
27 20
28 20
27 21
28 21
28 22
29 22
30 22
31 22
31 23
31 24
31 25
32 25
32 26
32 27
33 27
34 27
34 28
34 29
35 29
35 30
36 30
36 29
37 29
38 29
34 30
34 31
34 32
35 32
35 33
35 34
34 33
33 33
33 34
33 35
32 34
32 35
32 36
33 36
34 36
34 37
33 37
32 37
32 38
33 38
34 38
34 39
32 39
34 35
31 36
31 37
31 38
31 39
30 36
29 36
28 36
28 35
29 35
30 35
29 34
30 34
31 34
31 33
30 33
31 32
30 32
29 32
28 32
27 32
28 31
28 30
29 30
30 30
30 31
29 31
28 29
27 29
27 28
27 27
28 27
28 28
28 26
29 26
30 26
31 26
31 27
31 28
31 29
32 29
32 30
33 30
33 29
32 31
31 31
31 30
30 29
29 29
29 28
29 27
30 27
30 28
27 26
27 25
28 25
28 24
29 24
29 25
30 25
30 24
29 23
30 23
28 23
27 24
27 23
26 23
25 23
26 22
27 22
26 21
26 27
26 28
25 27
24 27
24 28
25 28
25 29
24 29
25 26
24 26
23 26
23 27
29 33
28 33
27 33
27 34
27 35
26 34
26 35
26 33
25 33
24 33
24 32
23 32
23 33
23 34
22 34
22 35
21 35
21 36
21 37
21 38
20 36
20 37
20 38
20 39
19 39
18 39
18 40
18 41
19 41
19 42
20 42
19 43
20 43
21 43
22 43
22 44
22 42
21 42
21 41
20 41
20 40
19 40
18 42
17 42
17 43
16 43
16 44
15 44
15 43
15 42
16 42
16 41
17 41
16 40
15 40
15 41
14 40
16 39
14 42
14 43
17 40
17 39
17 38
18 38
19 38
16 38
19 37
19 36
20 35
19 35
18 35
17 35
17 36
18 36
16 36
16 37
16 35
15 35
15 36
18 34
19 34
20 34
20 33
21 33
21 32
20 32
20 31
21 31
20 30
21 30
22 30
20 29
21 29
22 29
23 29
19 29
17 34
18 33
19 33
17 33
16 33
16 34
15 33
15 34
17 32
17 31
18 31
19 31
19 30
16 31
16 32
16 30
17 30
18 30
18 29
17 29
16 29
22 33
22 32
23 31
23 30
24 31
24 30
25 30
25 32
26 32
26 31
25 31
32 33
32 32
35 31
33 31
33 32
35 28
34 26
33 28
32 28
32 24
33 24
34 24
35 24
36 24
37 24
36 25
37 25
37 26
38 26
39 26
39 25
39 24
39 23
38 23
38 24
38 25
37 23
38 22
39 22
40 22
41 22
42 22
43 22
43 21
44 21
42 21
42 20
43 20
44 20
43 19
44 19
43 18
44 18
42 18
43 17
44 17
45 17
45 16
45 15
44 16
41 23
41 24
42 24
43 24
42 23
41 25
42 25
43 25
43 26
44 26
45 26
45 25
46 25
46 26
47 26
48 26
47 27
48 27
49 27
50 27
49 26
49 25
50 25
50 26
51 26
51 27
52 27
53 27
54 27
55 27
56 27
56 26
57 26
57 27
57 25
56 25
55 26
54 28
54 29
55 29
56 29
57 29
57 30
56 30
56 31
57 31
58 31
59 31
59 30
60 30
61 30
60 31
61 31
62 31
63 31
62 32
62 33
63 33
64 33
64 34
64 35
63 34
62 34
62 35
63 35
63 36
62 36
61 35
60 35
60 36
59 36
59 35
59 34
58 34
60 34
61 34
63 32
61 32
60 32
60 33
58 30
56 28
55 30
54 30
54 31
55 31
53 31
52 31
52 32
52 33
53 30
53 29
48 25
47 25
48 24
47 24
48 23
49 23
47 23
47 22
47 21
48 21
48 22
48 20
49 20
50 20
51 20
51 21
50 21
49 21
50 19
47 20
46 20
46 19
48 19
49 19
47 19
47 18
48 18
48 17
49 17
48 16
49 16
50 16
51 16
52 16
52 17
52 18
53 18
53 19
53 20
54 20
52 20
52 21
53 21
52 22
52 19
53 17
54 17
54 18
55 18
56 18
56 19
56 20
54 19
54 16
55 16
53 16
51 17
51 18
51 19
50 18
50 17
51 15
52 15
50 15
49 15
49 14
50 14
51 14
52 14
53 14
54 14
54 13
55 13
54 12
55 12
56 12
57 12
56 13
57 13
57 14
56 14
56 15
56 16
57 16
58 16
58 17
58 18
58 19
57 17
57 18
56 17
55 17
57 15
55 15
54 15
55 14
55 11
54 11
53 11
53 12
53 13
52 13
52 12
51 12
50 12
50 13
49 12
49 13
48 13
48 14
48 15
47 15
47 16
46 15
46 16
46 17
47 17
46 18
45 18
47 14
47 13
48 12
48 11
49 11
50 11
51 11
50 10
51 10
51 9
50 9
49 9
49 8
49 7
48 7
48 6
49 6
50 6
49 5
49 10
47 11
46 11
45 11
45 12
45 13
44 13
44 12
43 12
43 13
42 13
41 13
41 14
42 14
40 13
41 12
40 12
41 11
41 10
42 10
42 11
43 11
44 11
42 12
40 10
40 11
39 11
39 10
38 10
38 11
46 10
46 9
47 9
47 8
46 8
52 11
52 10
53 10
52 9
53 9
55 10
54 10
53 15
46 27
46 24
45 24
44 24
44 25
44 23
45 23
45 22
46 22
44 22
45 21
45 20
42 26
41 26
40 26
40 25
40 24
40 23
40 21
41 21
40 20
41 20
41 19
42 19
39 21
38 21
37 21
37 22
36 22
36 21
35 21
35 22
34 22
34 23
33 23
34 21
33 21
33 22
32 22
32 21
32 20
31 20
34 20
36 20
37 20
37 19
38 19
39 19
40 19
40 18
39 18
38 18
37 18
36 18
40 17
41 17
40 16
40 15
39 15
38 15
38 16
37 15
37 16
37 17
38 17
39 17
36 17
35 17
34 17
34 18
34 19
33 18
35 16
36 16
34 16
33 16
33 17
32 16
32 17
32 18
32 19
31 19
31 18
30 18
34 15
33 15
34 14
35 14
36 14
35 13
36 13
37 13
38 13
39 13
39 14
38 14
39 12
35 12
35 11
36 11
36 10
37 10
37 9
38 9
38 8
36 9
35 9
35 10
34 9
34 8
34 7
33 7
33 8
32 7
34 6
35 6
35 8
35 7
34 13
33 13
33 14
32 14
32 15
31 15
31 16
30 16
29 16
29 17
30 17
31 17
29 18
29 19
30 19
30 20
29 20
28 17
27 17
27 18
26 17
25 17
24 17
24 18
25 18
26 18
25 19
24 16
25 16
26 16
26 15
25 15
24 15
23 15
23 16
23 17
22 15
23 14
25 14
25 13
24 13
24 14
24 12
25 12
25 11
25 10
25 9
26 9
26 10
26 11
27 11
27 12
27 10
28 10
28 11
28 12
28 9
28 8
27 8
27 9
26 8
25 8
24 8
24 9
24 7
23 7
23 8
23 9
22 8
21 8
20 8
19 8
19 9
20 9
20 10
20 11
19 11
19 10
18 9
18 8
17 8
16 8
15 8
14 8
13 8
13 7
14 7
15 7
15 6
16 6
17 6
16 7
14 6
13 6
12 6
12 5
13 5
14 5
13 4
12 4
11 4
11 5
10 5
10 6
11 6
10 7
9 6
8 6
9 5
8 5
9 4
10 4
10 3
11 3
9 3
8 3
8 4
9 2
10 2
8 2
7 2
7 3
6 3
6 4
7 4
7 5
6 5
5 5
5 4
5 3
4 3
4 2
4 1
5 1
5 0
6 2
6 1
7 1
7 0
8 0
8 1
8 -1
12 3
12 7
17 7
18 7
19 7
18 6
19 6
20 6
21 6
22 6
21 5
22 5
22 4
23 4
21 4
20 7
21 7
22 7
20 5
19 5
19 4
20 4
18 4
18 5
24 6
25 6
26 6
26 5
25 5
24 5
23 5
23 6
25 7
26 7
27 7
28 7
26 14
27 14
28 14
28 15
28 16
27 16
27 15
28 13
29 13
29 14
30 14
31 14
30 15
27 13
26 13
26 12
33 12
33 11
34 12
34 11
37 14
40 14
38 20
36 19
35 19
35 20
37 27
36 26
35 23
36 23
34 25
33 25
33 26
32 23
26 19
24 22
25 22
24 23
24 24
25 24
26 24
25 25
26 25
26 26
24 25
23 24
23 25
23 23
23 20
23 21
22 20
22 19
21 19
21 20
21 21
22 21
21 18
20 14
20 15
20 16
20 17
19 15
18 15
18 16
19 16
18 14
17 14
16 14
18 11
17 13
16 13
15 13
14 13
16 11
15 11
15 9
14 9
13 11
12 11
12 12
13 12
14 12
15 12
16 12
14 11
13 13
13 14
12 13
11 13
12 10
11 10
11 9
10 9
10 10
9 10
8 10
8 11
9 11
8 12
9 12
10 12
11 12
8 13
8 14
9 14
10 14
10 15
11 15
9 15
10 13
8 15
8 16
7 14
7 15
7 16
7 17
8 17
9 17
10 17
10 18
11 18
12 18
13 18
13 17
13 16
12 16
12 15
13 15
14 15
12 14
12 19
13 19
14 19
13 20
14 20
11 19
11 20
11 21
11 22
12 22
10 21
10 22
10 23
9 23
9 22
10 19
10 20
11 17
9 18
10 16
11 16
9 16
6 15
5 15
4 15
3 15
2 15
2 16
2 17
3 17
1 17
0 17
1 16
0 16
-1 16
-2 16
-2 17
-3 16
-3 15
-2 15
-2 14
-2 13
-1 13
-1 12
0 12
1 12
1 11
0 11
-1 11
-1 10
0 10
1 10
2 10
3 10
4 10
5 10
6 10
6 11
7 11
7 10
7 9
5 9
6 9
4 9
3 9
2 9
1 9
1 8
2 8
0 8
0 9
-1 8
-1 9
-2 9
-3 9
-3 10
-2 10
-2 11
-3 11
-4 11
-4 10
-3 8
-2 8
-2 7
-1 7
-3 7
-4 7
-4 8
-5 8
-5 9
-5 10
-5 11
-6 8
-6 9
-7 8
-7 9
-7 7
-6 7
-6 6
-5 6
-4 6
-4 5
-6 5
-5 5
-5 4
-4 4
-3 4
-2 4
-1 4
0 4
-1 5
-1 6
0 6
0 5
-2 5
-2 6
-3 6
-3 5
-3 3
-3 2
-3 1
-4 1
-5 1
-5 2
-4 2
-5 3
-6 2
-6 1
-4 3
-6 4
-7 4
-7 5
-7 6
-8 6
-8 7
-9 7
-9 8
-9 9
-8 9
-8 10
-9 10
-10 9
-10 8
-9 6
-10 6
-11 6
-11 5
-10 5
-12 5
-13 5
-13 6
-13 7
-12 7
-11 7
-10 7
-12 8
-13 8
-13 9
-13 10
-14 6
-14 7
-14 8
-15 8
-15 9
-14 9
-16 9
-16 8
-17 8
-17 9
-18 9
-18 10
-19 10
-19 9
-20 9
-21 9
-21 8
-22 8
-20 8
-19 8
-18 8
-18 7
-18 6
-17 6
-16 6
-17 7
-18 5
-17 5
-19 5
-19 6
-19 7
-20 7
-21 7
-22 7
-23 7
-20 6
-21 6
-22 6
-19 4
-19 3
-18 3
-18 4
-18 2
-18 1
-16 7
-15 7
-15 6
-15 5
-14 5
-15 4
-14 4
-13 4
-12 4
-14 3
-15 3
-15 2
-15 1
-15 0
-16 0
-16 -1
-17 -1
-18 -1
-18 -2
-17 -2
-16 -2
-15 -2
-15 -1
-14 -1
-15 -3
-17 -3
-16 -3
-16 -4
-15 -4
-14 -4
-13 -4
-12 -4
-12 -3
-12 -2
-11 -2
-10 -2
-10 -3
-11 -1
-13 -3
-14 -3
-12 -5
-18 -3
-19 -3
-20 -3
-20 -2
-20 -1
-20 0
-19 0
-18 0
-19 1
-19 2
-19 -1
-20 1
-20 2
-20 3
-21 2
-21 3
-21 0
-21 -1
-22 -1
-22 0
-22 1
-22 2
-23 1
-23 0
-23 -1
-24 -1
-24 0
-25 0
-21 -2
-22 -2
-23 -2
-24 -2
-25 -2
-25 -1
-23 -3
-22 -3
-21 -3
-21 -4
-20 -4
-22 -4
-17 -4
-18 -4
-18 -5
-17 -5
-19 -5
-19 -6
-20 -6
-20 -5
-21 -6
-22 -6
-22 -7
-19 -7
-18 -7
-18 -6
-18 -8
-18 -9
-17 -9
-17 -8
-17 -10
-11 4
-10 4
-9 4
-8 4
-8 3
-9 5
-10 3
-11 3
-12 3
-12 2
-13 2
-12 1
-13 1
-13 0
-14 0
-14 1
-12 0
-11 0
-11 1
-10 1
-10 2
-9 2
-8 2
-8 1
-7 1
-9 1
-9 0
-8 0
-7 0
-6 0
-6 -1
-7 -1
-8 -1
-6 -2
-5 -2
-4 -2
-3 -2
-2 -2
-1 -2
0 -2
1 -2
1 -3
2 -3
3 -3
3 -2
4 -2
5 -2
5 -3
5 -4
4 -1
4 0
4 -3
4 -4
3 -4
2 -4
2 -5
3 -5
4 -5
4 -6
5 -6
4 -7
4 -8
3 -6
2 -6
1 -6
0 -6
1 -7
2 -7
3 -7
3 -1
2 -2
2 -1
0 -1
1 -1
-1 -1
-2 -1
-2 0
-3 0
0 -3
-1 -3
-2 -3
-3 -3
-4 -3
-5 -3
-4 -4
-5 -4
-6 -4
-6 -5
-7 -5
-7 -4
-7 -3
-7 -2
-6 -6
-5 -6
-4 -6
-4 -5
-4 -7
-3 -7
-2 -7
-1 -7
0 -7
-1 -8
-2 -8
-3 -8
-2 -9
-2 -6
-1 -6
-7 -6
-8 -6
-9 -6
-10 -6
-7 -7
-7 -8
-7 -9
-6 -9
-6 -8
-5 -8
-5 -7
-6 -7
-8 -9
-8 -10
-7 -10
-5 -1
-4 -1
-3 -1
-6 -3
-10 0
-9 -1
-10 -1
-11 2
-7 3
-5 7
0 7
1 7
2 7
0 13
1 13
0 14
-3 13
-3 14
-4 13
-4 14
-3 12
-2 12
-4 15
-5 15
-5 16
-4 16
-4 17
-3 17
-3 18
-4 18
-5 17
-1 15
1 15
1 14
2 14
2 13
7 13
6 13
6 14
6 12
5 12
5 13
5 14
4 14
5 11
4 11
4 12
3 12
3 13
4 13
2 12
3 11
7 12
8 9
9 9
11 7
9 7
7 8
6 8
3 5
2 5
3 4
4 4
4 5
2 4
2 3
3 3
