2382
0 0
1 0
2 0
2 -1
1 -1
0 -1
-1 -1
-2 -1
-1 -2
0 -2
-2 -2
-2 -3
-1 -3
-2 -4
-1 -4
0 -4
1 -4
2 -4
3 -4
3 -3
4 -3
5 -3
6 -3
7 -3
8 -3
7 -2
6 -2
7 -4
8 -4
6 -4
5 -4
4 -4
4 -5
5 -5
6 -5
6 -6
3 -5
3 -6
4 -6
5 -6
5 -7
6 -7
6 -8
6 -9
4 -7
3 -7
2 -7
1 -7
1 -6
2 -6
1 -5
0 -5
0 -6
0 -7
1 -8
0 -8
0 -9
-1 -9
-2 -9
-2 -8
-2 -10
-3 -10
-3 -9
-2 -11
-2 -12
-1 -12
-1 -11
0 -11
-1 -10
0 -10
-1 -13
-1 -14
-2 -14
-3 -14
-4 -14
-4 -15
-5 -15
-5 -16
-4 -16
-4 -17
-3 -17
-3 -18
-3 -19
-5 -17
-4 -18
-4 -19
-5 -19
-5 -18
-5 -20
-4 -20
-3 -20
-2 -20
-2 -19
-1 -19
-2 -21
-1 -21
-1 -22
-2 -22
-3 -22
-3 -21
-3 -23
-4 -23
-4 -24
-3 -24
-6 -16
-6 -15
-6 -14
-5 -14
-5 -13
-5 -12
-4 -12
-3 -12
-3 -11
-4 -11
-4 -10
-5 -10
-3 -13
-2 -13
-4 -13
-5 -11
-6 -13
-7 -13
-7 -15
-7 -14
-8 -14
-8 -13
-8 -12
-8 -11
-7 -11
-6 -11
-6 -12
-7 -12
-9 -12
-9 -14
-6 -17
-7 -17
-8 -17
-8 -18
-9 -18
-9 -17
-9 -16
-8 -16
-9 -15
-10 -15
-10 -17
-10 -16
-11 -17
-11 -16
-12 -17
-13 -17
-14 -17
-14 -16
-13 -16
-14 -18
-13 -18
-12 -18
-15 -18
-15 -17
-16 -17
-16 -16
-16 -15
-16 -18
-17 -18
-17 -17
-17 -16
-18 -16
-18 -17
-19 -17
-18 -18
-18 -19
-18 -20
-19 -20
-19 -19
-19 -18
-20 -19
-20 -18
-21 -18
-21 -17
-21 -16
-20 -16
-20 -17
-21 -15
-20 -15
-21 -14
-20 -14
-21 -13
-21 -12
-21 -11
-22 -11
-23 -11
-23 -10
-22 -10
-21 -10
-21 -9
-20 -9
-20 -10
-20 -11
-19 -11
-19 -10
-18 -10
-18 -9
-17 -9
-17 -10
-17 -11
-18 -8
-19 -8
-20 -8
-20 -7
-19 -7
-18 -7
-17 -7
-17 -6
-18 -6
-19 -6
-19 -5
-19 -4
-18 -4
-19 -3
-18 -3
-20 -4
-20 -5
-20 -6
-21 -6
-21 -5
-21 -4
-22 -5
-22 -4
-22 -3
-22 -2
-22 -1
-21 -1
-21 0
-20 0
-19 0
-19 1
-18 1
-19 2
-19 3
-18 3
-18 2
-17 2
-17 1
-17 0
-16 0
-18 0
-18 -1
-19 -1
-20 -1
-18 -2
-17 -1
-19 4
-19 5
-20 5
-20 6
-19 6
-19 7
-18 7
-18 6
-17 6
-19 8
-20 8
-20 9
-19 9
-18 9
-17 9
-16 9
-16 8
-17 8
-18 8
-17 7
-16 7
-15 7
-14 7
-14 8
-13 8
-13 9
-12 9
-13 10
-12 10
-11 10
-11 9
-10 9
-9 9
-9 8
-8 8
-7 8
-6 8
-5 8
-4 8
-4 9
-3 9
-3 10
-2 10
-3 11
-3 12
-4 12
-4 13
-3 13
-3 14
-2 14
-2 13
-2 12
-4 14
-5 13
-4 11
-4 10
-3 8
-3 7
-4 7
-5 7
-4 6
-4 5
-5 9
-6 9
-6 10
-6 11
-6 12
-6 13
-6 14
-5 14
-7 13
-7 14
-8 14
-8 15
-7 15
-9 15
-9 16
-10 15
-10 16
-11 16
-12 16
-13 16
-13 17
-13 18
-12 18
-11 18
-11 17
-12 17
-13 15
-12 15
-12 14
-11 14
-10 14
-10 13
-11 13
-10 12
-9 12
-10 11
-9 11
-8 11
-7 11
-7 10
-8 10
-7 9
-8 9
-8 12
-10 10
-12 13
-13 13
-13 12
-12 12
-12 11
-11 11
-14 12
-15 12
-15 13
-15 14
-14 14
-14 13
-16 13
-17 13
-17 12
-16 12
-16 11
-15 11
-14 11
-15 10
-16 10
-17 11
-18 11
-18 12
-18 13
-19 12
-19 13
-20 13
-20 14
-19 14
-19 15
-18 15
-17 15
-17 16
-16 16
-17 14
-18 14
-20 15
-20 16
-21 15
-21 16
-22 15
-22 14
-21 14
-21 13
-22 13
-22 12
-21 12
-21 11
-22 11
-22 10
-21 10
-20 10
-20 11
-20 12
-19 11
-18 10
-17 10
-13 11
-11 15
-9 14
-9 13
-8 13
-7 12
-8 7
-9 7
-10 7
-10 8
-10 6
-9 6
-11 8
-11 7
-12 7
-13 7
-12 6
-12 5
-12 4
-11 4
-10 4
-9 4
-8 4
-8 5
-9 5
-10 5
-11 5
-11 6
-9 3
-10 3
-13 4
-13 5
-14 5
-14 4
-15 4
-12 3
-11 3
-11 2
-10 2
-10 1
-9 1
-8 1
-8 2
-7 2
-7 1
-8 3
-9 2
-8 0
-9 0
-9 -1
-8 -1
-8 -2
-7 -2
-7 -1
-6 -1
-6 -2
-5 -2
-5 -1
-5 -3
-4 -3
-3 -3
-3 -2
-4 -2
-4 -4
-6 -3
-6 -4
-7 -4
-7 -5
-6 -5
-5 -4
-7 -3
-8 -3
-9 -3
-9 -2
-10 -2
-10 -3
-10 -4
-9 -4
-9 -5
-8 -5
-8 -4
-9 -6
-8 -6
-7 -6
-6 -6
-5 -6
-4 -6
-4 -7
-3 -7
-4 -8
-4 -9
-5 -9
-5 -8
-5 -7
-6 -8
-6 -7
-6 -9
-7 -9
-5 -5
-4 -5
-3 -5
-7 -7
-8 -7
-8 -8
-8 -9
-8 -10
-7 -10
-9 -10
-10 -1
-10 0
-11 0
-11 -1
-13 3
-14 3
-13 2
-12 2
-12 1
-13 1
-13 0
-14 0
-14 1
-14 2
-15 1
-15 0
-13 -1
-14 -1
-13 -2
-14 -2
-15 -2
-15 -1
-16 -1
-15 -3
-16 -3
-16 -4
-17 -4
-17 -5
-16 -5
-15 -5
-15 -4
-14 -4
-13 -4
-14 -5
-18 -5
-13 -3
-12 -3
-12 -4
-11 -4
-11 -3
-12 -5
-14 -3
-14 9
-14 10
-15 9
-15 8
-16 6
-15 6
-14 6
-13 6
-16 5
-15 5
-16 4
-17 4
-17 5
-19 10
-21 9
-21 8
-22 8
-21 7
-22 7
-23 7
-23 8
-24 8
-25 8
-26 8
-26 7
-27 7
-28 7
-28 6
-29 6
-28 5
-24 7
-24 6
-25 6
-25 5
-25 4
-24 4
-24 5
-23 5
-23 4
-24 3
-24 2
-26 4
-26 5
-27 5
-27 6
-26 6
-27 4
-28 4
-29 4
-29 5
-30 5
-29 3
-28 3
-27 3
-27 2
-26 2
-26 3
-26 1
-25 1
-25 2
-25 0
-24 0
-23 0
-23 -1
-25 -1
-25 -2
-26 -2
-26 -1
-26 0
-27 0
-28 0
-28 1
-28 2
-29 2
-30 2
-30 3
-30 4
-31 3
-31 4
-32 4
-32 5
-31 5
-32 6
-31 6
-31 7
-31 8
-30 8
-29 8
-28 8
-27 8
-28 9
-27 9
-27 10
-26 10
-29 9
-30 7
-32 7
-32 8
-32 9
-33 4
-34 4
-35 4
-35 5
-36 5
-37 5
-37 4
-36 4
-38 4
-38 5
-39 5
-39 6
-40 5
-41 5
-41 6
-41 7
-42 7
-42 8
-41 8
-40 8
-40 9
-40 10
-40 11
-41 10
-43 8
-43 9
-42 9
-43 10
-42 10
-42 11
-41 11
-43 11
-44 10
-44 9
-44 8
-45 8
-43 7
-44 7
-45 7
-45 6
-44 6
-44 5
-44 4
-46 6
-46 5
-45 5
-47 5
-47 6
-48 6
-42 6
-41 4
-41 3
-40 3
-39 3
-39 4
-40 4
-39 2
-38 2
-38 3
-40 2
-41 2
-42 2
-42 3
-42 4
-42 5
-42 1
-43 1
-43 2
-43 3
-43 4
-43 5
-43 0
-44 0
-44 -1
-43 -1
-42 -1
-41 -1
-40 -1
-39 -1
-38 -1
-37 -1
-38 0
-37 0
-37 1
-38 1
-39 0
-39 1
-40 0
-40 1
-41 1
-38 -2
-45 -1
-45 0
-45 1
-45 2
-45 3
-44 3
-45 4
-46 4
-47 4
-46 1
-46 2
-46 3
-47 3
-48 3
-48 2
-47 2
-46 0
-47 0
-48 0
-42 0
-35 3
-34 3
-33 3
-32 3
-32 2
-32 1
-32 0
-31 0
-31 1
-33 0
-33 1
-33 2
-34 2
-34 1
-34 0
-33 -1
-34 -1
-34 -2
-33 -2
-32 -2
-31 -2
-30 -2
-30 -3
-29 -3
-29 -2
-29 -4
-30 -4
-31 -4
-31 -3
-32 -4
-31 -5
-30 -5
-29 -5
-28 -5
-29 -6
-30 -6
-31 -6
-30 -7
-29 -7
-29 -8
-28 -8
-27 -8
-26 -8
-25 -8
-24 -8
-23 -8
-22 -8
-21 -8
-21 -7
-22 -7
-23 -7
-23 -9
-24 -9
-25 -9
-26 -9
-27 -9
-26 -10
-25 -10
-24 -10
-27 -10
-28 -10
-29 -10
-29 -9
-28 -9
-29 -11
-28 -11
-27 -11
-26 -11
-25 -11
-27 -12
-26 -12
-28 -12
-24 -7
-24 -6
-25 -6
-26 -6
-26 -7
-25 -7
-27 -7
-28 -7
-28 -6
-27 -6
-27 -5
-26 -5
-26 -4
-25 -4
-24 -4
-23 -4
-23 -3
-24 -3
-24 -2
-26 -3
-25 -3
-27 -3
-27 -2
-28 -2
-27 -4
-28 -4
-28 -3
-30 -8
-31 -7
-31 -1
-32 -1
-32 -3
-34 -3
-34 -4
-33 -4
-33 -3
-34 -5
-34 -6
-35 -6
-35 -5
-35 -4
-36 -4
-36 -5
-36 -6
-35 -7
-36 -7
-37 -7
-35 -8
-34 -8
-33 -8
-32 -8
-33 -7
-32 -7
-32 -6
-32 -5
-33 -5
-34 -7
-36 -8
-36 -9
-35 -9
-37 -9
-38 -9
-38 -10
-38 -11
-38 -12
-37 -12
-37 -11
-36 -11
-37 -10
-36 -10
-35 -10
-37 -13
-38 -13
-36 3
-31 2
-30 1
-29 1
-29 0
-29 -1
-30 -1
-28 -1
-27 -1
-27 1
-23 6
-22 6
-21 6
-21 5
-20 7
-20 3
-20 4
-21 4
-22 4
-22 5
-21 3
-20 2
-21 2
-20 1
-21 1
-22 0
-22 1
-23 1
-21 -2
-23 -2
-20 -12
-19 -12
-19 -13
-18 -13
-17 -13
-17 -12
-19 -14
-20 -13
-22 -9
-24 -11
-23 -12
-24 -12
-23 -13
-22 -13
-22 -14
-23 -14
-24 -14
-23 -15
-24 -15
-23 -16
-23 -17
-22 -17
-23 -18
-24 -18
-25 -18
-22 -12
-22 -16
-22 -15
-22 -18
-21 -19
-22 -19
-23 -19
-22 -20
-23 -20
-24 -20
-25 -20
-25 -19
-24 -21
-23 -21
-20 -20
-21 -20
-21 -21
-20 -21
-20 -22
-19 -22
-21 -22
-21 -23
-22 -23
-22 -22
-23 -22
-24 -22
-23 -23
-24 -23
-22 -24
-22 -25
-21 -25
-21 -24
-20 -24
-19 -24
-18 -24
-17 -24
-16 -24
-16 -23
-15 -23
-15 -22
-15 -21
-14 -21
-14 -20
-13 -20
-13 -19
-13 -21
-12 -21
-12 -20
-11 -20
-12 -22
-12 -23
-12 -24
-13 -24
-13 -23
-13 -22
-14 -22
-13 -25
-12 -25
-12 -26
-11 -26
-10 -26
-10 -25
-9 -25
-8 -25
-7 -25
-8 -24
-9 -24
-8 -26
-7 -26
-6 -26
-5 -26
-5 -25
-4 -25
-3 -25
-3 -26
-2 -26
-4 -26
-3 -27
-2 -27
-1 -27
0 -27
-2 -28
-3 -28
-4 -28
-4 -29
-3 -29
-5 -29
-5 -28
-6 -28
-6 -27
-5 -27
-6 -29
-6 -30
-5 -30
-4 -30
-3 -30
-2 -30
-3 -31
-2 -31
-1 -31
-1 -30
0 -30
1 -30
1 -31
2 -31
2 -30
2 -32
3 -32
3 -33
4 -33
5 -33
6 -33
7 -33
7 -32
7 -31
6 -32
6 -31
6 -30
6 -29
6 -28
6 -27
7 -27
8 -27
9 -27
10 -27
11 -27
11 -26
10 -26
9 -26
8 -26
8 -25
9 -25
7 -25
6 -25
5 -25
4 -25
4 -24
5 -24
6 -24
7 -24
6 -23
7 -23
6 -22
5 -22
5 -23
4 -23
7 -26
6 -26
10 -28
9 -28
7 -28
8 -28
8 -29
7 -29
8 -30
9 -30
9 -31
10 -31
10 -32
9 -32
8 -32
8 -31
8 -33
10 -33
11 -33
10 -34
11 -34
12 -34
13 -34
13 -35
14 -35
14 -34
15 -34
15 -33
16 -33
17 -33
18 -33
19 -33
20 -33
21 -33
22 -33
22 -32
23 -32
23 -31
23 -30
23 -29
24 -29
25 -29
26 -29
25 -28
26 -28
27 -28
27 -27
28 -27
26 -27
25 -27
27 -29
27 -30
24 -28
24 -27
23 -28
23 -27
23 -26
22 -29
21 -29
21 -28
21 -27
21 -26
22 -26
20 -26
19 -26
19 -25
19 -24
18 -24
18 -25
17 -25
17 -26
18 -26
17 -27
17 -28
18 -28
19 -28
19 -27
20 -27
19 -29
18 -27
16 -28
16 -27
16 -26
20 -28
20 -29
22 -30
21 -30
22 -31
23 -33
21 -32
20 -32
19 -32
19 -34
20 -34
21 -34
22 -34
22 -35
23 -35
24 -35
25 -35
26 -35
26 -34
27 -34
28 -34
28 -33
29 -33
28 -35
27 -33
27 -32
26 -32
25 -32
26 -33
25 -33
24 -33
24 -34
25 -34
26 -36
27 -36
28 -36
29 -36
29 -35
29 -34
30 -34
27 -37
28 -37
28 -38
24 -36
23 -34
21 -35
22 -36
23 -36
23 -37
24 -37
21 -36
20 -36
20 -37
21 -37
20 -38
19 -38
19 -39
20 -39
21 -39
18 -39
17 -39
16 -39
15 -39
14 -39
13 -39
12 -39
11 -39
13 -40
14 -40
14 -41
12 -40
13 -41
12 -41
16 -40
17 -40
18 -40
19 -40
22 -37
22 -38
22 -39
22 -40
21 -40
21 -41
22 -41
23 -41
24 -41
24 -40
24 -39
24 -38
25 -38
25 -39
23 -39
23 -38
20 -41
20 -40
20 -42
20 -43
19 -43
19 -42
18 -34
18 -35
17 -35
17 -34
16 -35
16 -34
16 -36
17 -36
18 -36
18 -37
17 -37
17 -38
18 -38
16 -38
15 -38
17 -32
18 -32
17 -31
17 -30
18 -30
18 -29
17 -29
15 -32
15 -35
15 -36
14 -36
15 -37
14 -37
13 -37
12 -37
11 -37
12 -38
13 -38
14 -38
12 -33
12 -32
12 -31
12 -30
11 -30
10 -30
11 -31
11 -32
12 -35
10 -35
5 -28
4 -28
4 -27
5 -27
5 -26
4 -26
3 -27
3 -28
3 -29
4 -29
5 -29
5 -30
4 -30
3 -30
5 -31
2 -29
2 -28
2 -27
2 -26
2 -25
3 -25
1 -25
1 -24
1 -23
2 -23
0 -23
0 -24
-1 -24
-1 -23
-2 -24
-2 -23
-2 -25
-1 -25
0 -25
1 -26
0 -26
1 -27
1 -28
1 -29
5 -32
4 -32
4 -31
3 -34
4 -34
5 -34
6 -34
6 -35
6 -36
7 -36
8 -36
9 -36
10 -36
11 -36
12 -36
13 -36
9 -35
9 -34
9 -33
8 -34
8 -35
8 -37
8 -38
9 -38
9 -39
8 -39
6 -37
7 -37
7 -38
7 -39
6 -39
6 -40
5 -40
6 -41
7 -41
8 -41
7 -40
5 -41
5 -42
4 -42
4 -41
3 -41
3 -40
2 -40
2 -39
4 -43
3 -43
3 -42
2 -42
1 -42
1 -41
2 -41
0 -42
-1 -42
-1 -43
0 -43
0 -44
1 -44
2 -44
2 -43
1 -45
0 -45
3 -44
4 -44
4 -45
5 -45
5 -46
4 -46
3 -46
3 -45
3 -47
4 -47
5 -47
5 -48
4 -48
3 -48
2 -48
2 -49
3 -49
2 -50
3 -50
4 -50
5 -50
6 -50
4 -49
5 -49
6 -49
7 -49
6 -48
7 -48
7 -47
6 -47
6 -46
7 -46
8 -46
8 -45
7 -45
7 -44
8 -44
8 -43
6 -45
6 -44
6 -43
5 -43
5 -44
8 -47
9 -47
9 -46
10 -46
11 -46
11 -47
10 -47
10 -48
11 -48
11 -49
10 -49
10 -45
10 -44
11 -44
12 -44
12 -45
12 -46
13 -46
13 -47
12 -47
11 -45
4 -51
5 -51
5 -52
4 -52
5 -53
6 -53
6 -52
4 -53
4 -54
5 -54
3 -51
2 -51
1 -51
1 -52
3 -52
2 -52
5 -35
4 -35
3 -35
3 -36
4 -36
5 -36
0 -29
0 -28
-1 -29
-2 -29
-4 -31
-3 -32
-5 -31
-6 -31
-7 -31
-7 -30
-8 -31
-8 -32
-7 -32
-8 -33
-7 -33
-6 -33
-5 -33
-4 -33
-4 -34
-5 -34
-6 -34
-8 -34
-8 -35
-9 -35
-10 -35
-11 -35
-10 -36
-9 -36
-8 -36
-7 -36
-6 -36
-5 -36
-5 -35
-6 -35
-7 -37
-8 -37
-9 -37
-10 -37
-11 -37
-11 -36
-8 -38
-9 -38
-9 -39
-9 -40
-7 -38
-6 -38
-6 -39
-5 -39
-4 -39
-3 -39
-3 -40
-2 -40
-1 -40
0 -40
0 -39
1 -39
1 -40
0 -38
0 -37
1 -37
1 -38
-1 -37
-1 -36
0 -36
1 -36
1 -35
1 -34
2 -34
0 -34
0 -33
1 -33
0 -32
0 -35
-1 -35
0 -41
-2 -39
-1 -39
-2 -38
-1 -38
-2 -41
-1 -41
-3 -41
-4 -41
-4 -40
-4 -42
-2 -42
-3 -42
-5 -38
-5 -37
-4 -37
-6 -37
-5 -40
-6 -40
-6 -41
-7 -41
-7 -40
-6 -42
-5 -24
-5 -23
-6 -23
-6 -24
-6 -25
-9 -26
-9 -27
-8 -27
-7 -27
-8 -28
-9 -28
-9 -29
-8 -29
-7 -29
-8 -30
-9 -30
-10 -30
-10 -29
-11 -29
-12 -29
-11 -30
-12 -30
-11 -31
-12 -31
-13 -31
-13 -32
-10 -31
-9 -31
-10 -32
-9 -32
-10 -33
-9 -33
-10 -34
-10 -24
-11 -25
-11 -24
-11 -27
-13 -26
-14 -26
-13 -27
-12 -27
-14 -25
-14 -19
-15 -19
-15 -20
-16 -20
-16 -21
-17 -21
-17 -20
-17 -19
-16 -19
-18 -21
-19 -21
-17 -22
-16 -22
-18 -22
-17 -23
-15 -24
-14 -24
-14 -23
-15 -25
-16 -25
-18 -23
-19 -23
-18 -25
-17 -25
-19 -25
-20 -23
-22 -21
-10 -18
-8 -19
-7 -19
-7 -20
-8 -20
-9 -20
-10 -20
-10 -21
-9 -21
-8 -21
-7 -21
-7 -22
-10 -22
-11 -22
-9 -19
-10 -19
-11 -19
-1 -15
0 -15
1 -15
2 -15
2 -14
3 -14
3 -13
2 -13
1 -16
2 -16
3 -16
4 -16
4 -15
4 -17
4 -18
3 -15
3 -17
2 -17
0 -14
-2 -15
-2 -16
-1 -16
-3 -16
3 -8
4 -8
4 -9
5 -9
5 -8
5 -10
4 -10
3 -10
3 -9
2 -9
1 -9
2 -10
1 -10
2 -11
3 -11
3 -12
4 -12
5 -12
5 -13
5 -14
6 -14
7 -14
8 -14
8 -13
8 -15
7 -15
8 -16
7 -16
6 -16
6 -17
7 -17
8 -17
8 -18
9 -18
9 -17
9 -19
8 -19
8 -20
9 -20
9 -21
7 -20
7 -19
6 -20
7 -21
6 -21
6 -18
7 -18
5 -18
5 -19
6 -19
5 -20
4 -20
4 -19
3 -19
3 -20
2 -20
2 -19
2 -18
3 -18
1 -19
0 -19
0 -18
0 -17
1 -17
0 -16
-1 -17
-1 -18
1 -20
0 -20
-1 -20
4 -14
4 -13
5 -15
5 -16
4 -11
2 -12
5 -2
3 -2
3 -1
3 0
4 0
5 0
6 0
7 0
6 -1
7 -1
8 -1
8 0
8 -2
9 -2
9 -1
9 0
10 0
11 0
12 0
12 1
13 1
13 2
14 2
15 2
15 3
16 3
17 3
17 4
17 5
16 4
16 5
17 2
18 2
19 2
19 1
19 0
20 0
21 0
20 1
21 1
22 1
22 2
21 2
22 0
22 -1
20 -1
21 -1
21 -2
22 -2
23 -2
20 -2
19 -2
19 -1
18 -1
18 -2
17 -2
16 -2
15 -2
15 -3
16 -3
17 -3
18 -3
20 -3
20 -4
19 -4
18 -4
17 -4
18 -5
21 -3
21 -4
21 -5
22 -5
22 -6
23 -6
23 -7
22 -7
21 -7
20 -7
19 -7
18 -7
18 -6
19 -6
20 -6
21 -6
17 -6
17 -5
16 -5
16 -4
16 -6
19 -8
18 -8
23 -8
22 -8
22 -9
23 -9
23 -10
22 -10
20 -5
19 -5
18 0
17 0
17 1
16 0
16 1
15 1
14 1
15 0
15 -1
16 -1
17 -1
18 3
16 2
14 3
13 3
12 3
12 4
13 4
13 5
13 6
14 6
13 7
13 8
14 8
14 9
15 9
15 10
16 10
17 10
17 11
17 12
18 12
18 13
19 13
20 13
21 13
22 13
21 14
22 14
23 14
24 14
23 15
24 15
25 15
23 13
23 12
22 12
21 12
21 11
22 11
23 11
24 11
22 10
23 10
24 10
25 10
25 11
26 11
26 12
27 12
27 11
28 11
28 12
29 12
30 12
31 12
32 12
33 12
34 12
34 13
35 13
34 14
33 13
32 13
33 11
34 11
34 10
34 9
35 9
36 9
35 10
35 11
36 11
36 12
35 12
36 10
35 8
36 8
37 8
36 7
35 7
35 6
36 6
37 6
38 6
37 5
36 5
35 5
34 5
34 6
34 7
34 8
33 8
32 8
31 8
31 7
32 7
33 7
33 6
33 5
33 9
32 9
32 11
32 10
33 10
31 10
31 11
28 13
29 13
28 10
29 10
30 10
26 13
26 14
27 14
28 14
29 14
30 14
30 15
30 16
31 16
32 16
33 16
32 17
32 18
33 18
33 19
34 19
34 20
33 20
32 19
32 20
32 21
32 22
31 22
31 21
31 18
31 19
32 15
33 15
34 15
35 15
36 15
37 15
38 15
39 15
40 15
41 15
41 16
40 16
39 16
39 17
40 17
38 17
37 17
37 18
38 18
37 19
38 19
36 19
35 19
35 20
36 20
37 20
35 18
36 18
34 18
35 17
36 17
41 14
42 14
43 14
43 15
42 15
42 13
42 12
43 12
41 12
40 14
39 14
40 13
39 13
39 12
39 11
38 11
37 11
37 10
37 9
40 12
37 14
36 14
35 14
37 13
32 14
33 14
31 15
30 17
30 18
29 17
29 18
29 16
28 16
28 15
27 15
27 16
26 16
25 16
24 16
24 17
24 18
25 18
24 19
23 17
23 18
23 19
22 19
22 18
23 16
29 15
30 13
25 12
25 13
24 13
24 12
22 9
21 9
20 9
19 9
18 9
20 8
21 8
22 8
23 8
24 8
25 8
25 7
26 7
26 6
27 6
27 7
27 8
27 9
26 9
25 9
24 9
25 6
24 7
23 7
22 7
22 6
23 6
23 9
21 7
19 8
19 7
21 10
20 10
21 15
22 15
22 16
20 15
20 16
21 16
20 17
21 17
22 17
21 18
21 19
20 19
20 18
19 16
19 15
19 14
18 14
18 15
17 15
17 16
18 16
18 17
18 18
17 17
17 18
17 14
16 14
20 12
17 13
16 13
16 12
16 11
16 9
15 8
16 8
17 8
17 7
16 7
16 6
15 6
15 7
14 10
13 10
13 11
14 11
15 11
15 12
12 11
13 9
14 7
12 5
12 6
12 7
12 8
12 9
11 9
11 10
11 11
11 12
12 12
13 12
14 12
14 13
15 13
15 14
15 15
15 16
14 15
14 16
13 16
13 15
12 15
13 14
13 13
14 14
10 11
10 12
10 13
10 14
11 14
12 14
12 13
11 15
11 16
11 17
10 17
9 17
8 17
9 16
8 16
9 15
10 15
10 16
10 10
9 10
9 11
8 11
8 12
9 12
9 13
9 14
8 14
8 13
8 10
8 9
10 9
11 8
11 7
11 6
11 3
11 4
11 5
10 5
10 4
10 3
9 3
9 2
9 1
8 1
10 2
12 2
13 0
14 0
14 -1
13 -1
13 -2
14 -2
12 -2
11 -2
12 -3
13 -3
14 -3
14 -4
15 -4
15 -5
13 -4
14 -5
14 -6
15 -6
15 -7
13 -6
13 -5
11 1
11 2
10 1
10 -1
11 -1
12 -1
9 -3
9 -4
5 -1
4 -1
4 -2
2 -2
2 -3
1 -3
1 -2
0 -3
2 -5
-1 -5
-1 -6
-1 -7
-1 0
-2 0
-2 1
-1 1
0 1
1 1
2 1
1 2
2 2
3 2
0 2
-1 2
-1 3
0 3
0 4
0 5
-2 3
-3 3
-4 3
-5 3
-5 4
-4 4
-6 4
-6 5
-5 5
-6 6
-7 6
-8 6
-7 5
-5 2
-4 2
-3 2
-2 2
-3 1
-4 1
-3 0
-3 -1
-4 -1
