4907
0 0
0 -1
1 -1
2 -1
3 -1
4 -1
4 0
4 1
4 2
4 3
4 4
3 3
3 4
3 5
4 5
4 6
4 7
2 5
2 6
2 7
3 7
2 8
3 8
3 9
4 9
5 9
6 9
7 9
8 9
9 9
10 9
11 9
12 9
12 10
13 10
14 10
15 10
15 11
15 12
16 12
16 11
17 11
17 12
18 12
19 12
20 12
21 12
21 13
20 11
19 13
20 13
19 14
20 14
20 15
21 15
22 15
21 14
22 14
23 14
24 14
25 14
26 14
25 15
25 16
26 16
26 17
27 17
28 17
29 17
29 18
30 18
31 18
31 17
32 17
32 18
32 16
30 17
30 16
29 16
31 16
31 15
28 18
28 19
28 20
28 21
28 22
29 22
29 23
30 23
30 24
31 24
32 24
33 24
34 24
34 23
35 23
36 23
36 24
37 24
38 24
38 25
37 25
37 26
38 26
36 26
35 26
35 27
36 27
37 27
35 28
35 29
36 29
35 30
34 30
34 31
35 31
36 31
37 31
38 31
38 30
37 30
36 30
37 29
37 28
36 28
37 32
38 32
34 32
35 32
36 32
35 33
33 32
32 32
32 33
31 33
30 33
30 34
29 34
29 35
29 36
29 37
30 37
31 37
32 37
33 37
34 37
34 38
34 39
35 39
36 39
37 39
38 39
39 39
39 38
40 38
41 38
42 38
43 38
41 39
40 39
40 40
38 38
37 38
37 37
38 37
38 36
39 36
38 35
39 35
40 35
41 35
41 34
42 34
43 34
43 35
42 35
42 33
43 33
41 33
40 33
40 34
40 32
41 32
39 32
38 40
38 41
38 42
37 41
36 41
36 42
37 42
36 43
35 41
37 40
36 40
35 38
36 38
36 37
35 37
35 36
36 36
37 36
34 40
33 40
33 41
34 41
34 42
35 42
34 43
34 44
35 44
35 45
34 45
34 46
35 46
35 47
35 48
36 48
37 48
37 47
38 47
39 47
40 47
39 46
40 46
41 46
41 47
38 48
38 49
39 49
37 49
37 50
38 50
39 50
40 50
41 50
41 51
41 52
41 49
40 49
40 48
39 48
41 48
42 48
43 48
44 48
45 48
46 48
46 49
46 50
45 50
44 50
45 49
44 49
46 47
45 47
44 47
44 46
43 46
43 45
44 45
45 45
46 45
46 44
47 44
47 45
47 46
48 46
48 47
48 48
49 48
50 48
49 49
50 49
50 50
50 51
51 51
52 51
53 51
52 52
52 53
53 53
53 54
52 54
51 54
51 55
51 56
50 55
50 54
53 52
54 52
55 52
55 53
56 53
56 52
54 53
51 52
51 50
52 50
49 50
48 49
48 50
47 48
47 49
47 47
46 43
45 43
45 44
44 43
44 42
44 41
45 41
45 42
46 42
43 41
43 42
42 41
41 41
41 42
42 42
42 43
42 44
43 44
41 43
42 40
43 40
43 39
44 40
44 39
44 38
44 37
43 37
44 36
45 36
46 36
47 36
48 36
47 35
48 35
48 34
49 34
49 35
50 35
51 35
52 35
52 36
53 36
53 37
53 35
52 37
51 37
50 37
51 36
50 36
50 34
51 34
52 34
52 33
53 33
54 33
55 33
55 34
54 34
53 34
55 32
56 32
54 32
51 33
51 32
51 31
52 31
53 31
53 30
52 30
51 30
53 29
54 29
52 32
53 32
46 35
45 35
44 35
44 34
45 34
46 34
47 34
47 33
47 32
46 32
46 33
45 32
44 32
43 32
43 31
44 31
45 31
46 31
47 31
48 31
45 30
42 31
45 37
45 38
45 46
42 47
42 46
40 51
39 51
39 52
38 52
38 53
37 53
36 53
37 52
37 51
36 51
36 52
35 52
36 50
35 50
36 49
35 49
38 51
38 46
38 45
39 45
40 45
39 44
40 44
41 44
41 45
38 44
38 43
37 45
37 46
36 47
36 46
36 45
34 48
33 48
32 48
32 49
31 49
31 50
30 50
29 50
29 51
29 52
29 53
28 53
28 54
29 54
30 54
30 55
31 55
32 55
32 56
32 54
32 53
33 53
33 54
33 55
34 55
35 55
35 54
33 56
33 52
31 53
31 54
30 53
30 52
31 52
32 52
31 56
30 56
28 55
29 55
29 56
28 56
28 57
29 57
30 57
30 58
30 59
29 59
29 60
29 61
30 61
31 61
31 62
32 62
32 63
32 64
32 65
31 65
31 66
32 66
33 66
34 66
31 67
32 67
33 67
33 68
34 68
35 68
35 67
35 66
36 66
37 66
38 66
38 67
38 68
37 67
36 67
38 65
39 65
40 65
40 66
40 67
39 67
39 68
40 68
41 68
42 68
42 69
43 69
42 70
42 71
43 71
43 72
42 72
42 73
43 73
43 74
43 75
42 74
42 75
41 74
40 74
40 75
41 73
41 72
40 72
40 73
39 72
39 71
41 71
43 70
44 70
44 71
45 71
45 72
44 72
44 73
44 74
45 74
46 74
46 75
47 75
48 75
49 75
49 76
50 76
50 77
49 77
48 77
47 77
47 76
48 76
50 75
51 75
51 74
52 74
52 75
50 74
49 74
48 74
47 74
48 73
49 73
50 73
51 73
52 73
53 73
51 72
50 72
45 75
44 75
44 76
44 77
44 78
45 78
46 78
45 77
44 79
45 79
46 79
43 79
45 73
46 73
47 73
47 72
48 72
49 72
49 71
50 71
51 71
52 71
52 72
50 70
49 70
48 70
48 71
47 71
46 71
47 70
46 70
45 70
45 69
46 69
44 69
44 68
45 68
46 68
46 67
47 67
48 67
49 67
50 67
51 67
51 66
52 66
50 68
50 69
49 68
50 66
50 65
51 65
52 65
52 64
52 63
53 63
53 64
54 64
55 64
54 63
55 63
56 63
57 63
56 62
56 61
57 61
58 61
59 61
59 62
60 62
61 62
62 62
61 61
62 61
60 61
60 60
61 60
62 60
62 59
61 59
60 59
59 59
59 60
59 58
59 57
60 57
60 58
60 56
61 56
61 55
60 55
59 55
58 55
57 55
56 55
55 55
55 54
56 54
57 54
60 54
59 54
58 54
58 53
59 53
61 54
62 54
63 54
63 53
62 53
61 53
61 52
62 52
62 51
63 51
64 51
61 51
60 51
60 52
60 50
61 50
61 49
60 49
59 49
60 48
59 48
59 47
60 47
59 46
59 50
59 51
58 50
57 50
57 51
56 51
56 50
57 49
58 49
58 57
58 58
57 58
56 58
55 58
54 58
54 59
55 59
56 59
55 60
56 60
57 60
58 60
55 61
55 62
54 62
54 61
53 61
53 62
52 62
51 62
51 63
51 64
50 63
50 64
50 62
51 61
52 61
53 60
54 60
52 60
51 60
50 60
50 61
49 60
48 60
47 60
46 60
45 60
44 60
44 61
45 61
43 60
44 59
45 59
46 59
52 59
51 59
50 59
50 58
51 58
51 57
49 58
48 58
49 57
48 57
49 56
48 56
52 58
53 58
53 59
53 57
52 57
53 56
54 57
55 57
55 56
56 56
56 57
57 57
57 56
58 56
59 56
54 56
61 58
62 58
62 57
62 56
63 56
63 57
63 58
62 55
63 55
59 63
60 63
58 63
58 62
57 62
48 66
47 66
46 66
46 65
47 65
48 65
49 65
49 66
47 64
48 64
48 63
48 62
46 64
45 64
44 64
44 65
44 63
45 63
46 63
46 62
45 62
47 63
47 68
48 68
45 67
43 68
48 69
47 69
46 72
41 70
41 69
40 69
40 70
39 70
39 69
38 69
37 69
37 70
38 70
36 70
36 69
37 68
36 68
39 66
37 65
36 65
34 69
35 69
35 70
34 70
34 71
34 72
34 73
33 69
33 70
33 71
32 71
32 72
33 72
31 72
31 73
31 74
31 75
31 76
31 77
32 77
33 77
33 78
32 78
32 79
30 74
29 74
28 74
27 74
27 75
26 75
26 76
26 77
27 77
27 78
28 78
28 79
27 79
26 79
25 79
25 80
26 80
27 80
27 81
28 81
29 81
30 81
31 81
32 81
33 81
33 80
33 79
34 79
35 79
36 79
36 80
37 80
38 80
39 80
39 79
40 79
38 79
38 78
39 78
40 78
41 78
42 78
42 79
42 80
43 80
44 80
45 80
42 81
42 82
43 82
43 83
43 81
42 83
42 84
42 85
41 85
41 86
41 87
42 87
43 87
43 88
43 89
43 90
42 88
42 89
42 90
42 91
42 92
41 92
41 91
41 90
41 89
40 89
40 87
40 86
39 86
40 85
39 85
38 85
40 84
41 84
41 81
40 81
40 82
40 83
41 83
39 83
38 83
38 84
39 82
41 80
41 79
42 77
43 77
42 76
43 76
41 76
41 77
40 77
40 76
41 75
39 77
38 77
37 77
37 78
35 80
34 80
34 81
34 82
32 82
30 80
31 80
29 82
30 82
29 83
30 83
31 83
32 83
33 83
34 83
34 84
34 85
35 85
35 86
36 86
36 85
36 84
37 84
37 85
37 86
38 86
37 87
36 87
35 84
36 83
37 83
35 83
35 82
35 81
35 87
34 86
34 87
33 85
32 85
31 85
31 86
31 87
32 87
31 88
32 88
33 88
34 88
30 88
29 88
30 87
29 87
29 86
30 85
30 86
29 85
29 84
33 84
33 82
28 82
27 82
26 82
26 83
27 83
28 83
28 84
27 84
27 85
28 85
27 86
26 86
26 85
26 84
25 83
25 84
25 85
25 86
25 82
24 82
24 81
23 81
23 82
22 82
21 82
20 82
19 82
19 83
20 83
20 84
19 84
18 84
17 84
17 83
16 83
15 83
15 84
16 84
16 85
17 85
16 86
15 86
14 86
14 85
13 85
13 84
15 85
14 84
15 82
14 82
14 83
13 83
13 82
12 82
12 83
12 84
11 84
10 84
10 85
10 86
11 86
12 86
13 86
12 87
12 88
12 85
11 85
11 87
11 88
10 88
10 87
9 87
9 88
8 88
7 88
7 89
7 90
6 90
6 89
5 89
5 88
6 88
5 87
6 87
7 87
7 86
7 85
7 84
7 83
8 83
8 82
6 83
6 84
6 85
5 85
5 86
6 86
4 86
4 87
4 88
4 89
3 87
4 85
5 84
6 82
7 82
7 81
8 81
9 81
10 81
11 81
10 82
11 82
11 83
10 80
11 80
11 79
12 79
12 78
11 78
11 77
12 77
13 77
14 77
14 78
14 79
13 79
12 76
10 77
10 78
9 78
6 81
5 81
5 80
6 80
9 86
8 86
8 87
10 83
9 83
9 82
13 81
12 81
12 80
13 80
14 80
15 80
16 80
16 79
17 79
17 80
18 80
19 80
20 80
20 81
20 79
21 79
19 79
19 78
20 78
21 78
22 78
23 78
23 77
24 77
22 77
21 77
22 76
23 76
24 76
24 75
25 75
23 75
21 76
20 76
20 77
19 77
22 79
18 79
18 78
17 78
16 78
16 77
17 77
18 77
18 76
18 75
19 75
20 75
21 75
21 74
19 76
17 75
16 75
16 76
17 76
15 76
15 77
15 75
15 74
14 74
16 74
16 73
17 73
18 73
19 73
20 73
20 72
19 72
18 72
17 72
16 72
16 71
17 71
15 71
15 72
15 73
16 70
17 70
17 69
18 69
18 70
18 68
18 67
17 67
16 67
17 66
18 66
16 69
16 68
17 68
15 70
15 69
14 69
13 69
13 70
14 70
14 71
12 70
12 71
12 72
11 72
11 73
11 74
12 74
13 74
13 73
13 72
12 75
13 75
12 73
11 71
10 71
9 71
8 71
9 70
10 70
10 69
11 69
11 68
11 67
10 67
10 68
9 68
8 68
8 67
9 67
11 66
12 66
12 65
13 65
11 65
10 65
11 64
11 63
12 63
12 64
12 62
11 62
10 62
10 63
10 61
9 69
8 70
13 68
12 68
13 67
14 67
15 67
14 66
13 66
18 71
19 71
20 71
21 71
22 71
23 71
22 70
23 70
21 70
20 70
19 70
20 69
21 69
21 68
22 68
23 68
24 68
24 69
23 69
22 69
24 67
25 67
26 67
26 68
27 68
27 69
27 70
28 70
28 71
29 71
29 70
30 70
30 71
31 71
30 72
30 73
29 72
27 71
28 69
26 69
25 69
25 70
24 70
25 68
27 67
27 66
28 66
28 65
29 65
29 64
30 64
30 65
28 64
27 64
27 65
26 66
25 66
25 65
26 65
25 64
24 64
24 65
24 66
23 66
22 66
22 67
23 67
21 67
23 65
23 64
24 63
23 63
22 63
22 62
23 62
21 62
21 63
21 64
21 65
22 65
22 64
21 66
20 64
20 63
19 63
19 64
19 65
20 65
18 65
17 65
18 64
17 64
16 64
16 63
17 63
18 63
17 62
18 62
18 61
19 61
17 61
17 60
17 59
18 59
18 60
17 58
16 62
15 62
15 61
14 61
14 62
14 63
14 60
15 60
16 60
13 60
12 60
12 61
11 61
11 60
11 59
12 59
12 58
11 58
11 57
12 57
11 56
10 56
10 57
10 55
11 55
12 55
12 56
11 54
10 54
9 54
9 53
9 52
9 51
8 51
8 50
9 50
10 50
10 49
11 49
12 49
13 49
14 49
15 49
14 48
15 48
12 50
11 50
11 51
12 51
8 49
9 49
8 48
7 48
7 49
6 49
6 48
5 48
4 48
3 48
2 48
1 48
1 49
2 49
3 49
4 49
5 49
1 50
2 50
3 50
3 51
3 52
4 52
5 52
6 52
7 52
8 52
8 53
7 53
6 53
7 51
6 51
5 51
4 53
5 53
5 54
4 54
3 54
2 54
3 53
4 51
4 50
5 50
2 52
2 53
1 52
0 52
-1 52
-2 52
-2 53
-1 53
-3 53
-3 54
-2 54
-1 54
0 54
0 53
1 53
1 54
-1 55
0 55
1 55
0 56
0 57
1 57
2 57
1 58
2 58
1 56
0 58
0 59
1 59
2 59
2 60
3 60
2 61
1 61
0 61
1 60
0 60
-1 60
-1 61
-1 62
0 62
1 62
2 62
2 63
3 63
4 63
4 62
5 62
5 63
5 64
5 65
4 64
3 62
1 63
1 64
2 64
2 65
0 64
0 65
0 63
-2 62
-3 62
-3 63
-2 63
-4 63
-4 64
-4 65
-5 65
-5 66
-5 67
-4 67
-4 68
-3 68
-3 69
-4 69
-3 67
-5 68
-5 69
-5 70
-4 70
-3 70
-6 67
-7 67
-7 68
-6 68
-8 68
-8 69
-9 69
-10 69
-11 69
-9 68
-10 68
-9 67
-10 67
-6 66
-5 64
-6 64
-6 63
-5 63
-2 61
-3 61
-4 61
-4 60
-3 60
-2 60
-2 59
-3 59
-4 59
-4 58
-3 58
-1 59
-1 58
-1 57
-1 56
-2 56
-2 57
-2 58
-3 57
-3 55
-2 55
-4 55
-4 56
-3 56
-4 57
-5 56
-5 57
-5 58
-4 54
-4 53
-3 52
-4 52
-3 51
-4 51
-3 50
-1 51
0 51
1 51
0 50
-1 50
-2 50
-2 51
0 49
2 51
0 48
0 47
0 46
1 46
1 47
-1 46
-1 47
-2 47
-2 48
-3 47
-4 47
-4 48
-3 48
-4 49
-5 49
-5 50
-4 50
-5 51
-5 52
-6 51
-7 51
-7 50
-6 50
-6 49
-7 49
-8 49
-8 48
-6 48
-6 47
-5 48
-5 47
8 47
9 47
7 47
10 53
11 53
12 53
13 53
13 54
13 55
11 52
12 52
13 52
10 52
10 51
9 55
9 56
9 57
9 58
10 58
9 59
10 59
10 60
9 60
8 55
7 55
6 55
6 56
7 56
6 57
7 57
8 57
8 58
8 59
8 60
8 61
7 61
7 62
6 62
6 63
6 64
6 65
7 65
8 65
8 66
7 66
6 66
5 66
5 67
6 67
7 67
7 68
6 68
5 68
5 69
6 69
7 69
8 69
7 70
5 70
6 70
6 71
7 71
7 72
6 72
5 71
5 72
4 70
4 71
3 71
3 72
4 72
4 73
5 73
6 73
6 74
7 74
7 75
6 75
6 76
7 73
8 73
9 73
8 74
9 74
8 75
9 75
9 76
10 76
10 75
11 75
8 76
7 76
7 77
7 78
6 77
6 78
5 78
5 79
6 79
7 79
8 79
8 80
7 80
4 79
3 79
3 80
3 81
3 82
4 82
4 83
4 84
4 81
2 82
2 81
2 79
2 78
3 78
4 78
3 77
2 77
1 77
1 78
0 78
-1 78
-1 79
0 79
-2 78
-2 79
-2 80
-3 80
-3 81
-2 81
-1 81
0 81
0 82
1 82
1 83
2 83
1 84
1 85
2 85
3 85
3 84
3 83
2 86
3 86
2 87
1 87
0 87
1 86
0 85
0 83
0 84
0 80
-1 80
-4 80
-4 79
-3 79
-5 79
-6 79
-6 78
-5 78
-4 78
-3 78
0 77
-1 77
-1 76
0 76
-2 76
-2 77
-2 75
-1 75
0 75
1 75
2 75
2 76
1 76
-3 75
-4 75
-4 76
-4 77
-3 77
-5 77
-6 77
-7 77
-7 78
-7 79
-7 80
-7 81
-6 81
-6 82
-5 82
-5 83
-4 83
-4 84
-4 85
-3 85
-4 86
-3 86
-2 86
-2 85
-1 85
-1 86
-1 87
-2 87
-3 87
-3 88
-4 88
-4 89
-4 90
-3 90
-4 91
-3 91
-3 92
-3 93
-2 93
-1 93
-1 94
-2 94
-2 92
-2 91
-2 90
-2 89
-2 88
-1 88
0 88
1 88
2 88
3 88
1 89
-1 89
-1 90
0 90
1 90
1 91
1 92
2 92
0 91
0 89
-4 92
-5 91
-6 91
-7 91
-7 92
-5 90
-5 89
-5 88
-1 84
-2 84
-2 83
-3 83
-2 82
-4 87
-5 87
-6 87
-6 88
-6 89
-7 89
-7 90
-7 88
-7 87
-8 87
-9 87
-9 88
-8 88
-10 88
-10 87
-9 86
-8 86
-7 86
-10 86
-11 86
-11 87
-11 88
-11 89
-10 89
-9 89
-8 89
-9 90
-8 90
-10 90
-10 91
-11 90
-12 90
-13 90
-14 90
-14 89
-15 89
-15 88
-14 88
-13 88
-14 87
-13 87
-13 86
-12 86
-12 85
-11 85
-11 84
-10 84
-10 85
-9 85
-11 83
-12 83
-12 84
-13 85
-14 85
-15 85
-15 86
-15 87
-16 87
-16 86
-15 84
-16 84
-16 85
-17 84
-18 84
-19 84
-19 85
-20 85
-21 85
-21 86
-22 86
-23 86
-24 86
-25 86
-25 87
-25 88
-25 89
-24 89
-23 89
-23 88
-24 90
-23 90
-25 90
-26 90
-26 91
-26 88
-26 89
-27 88
-27 89
-27 90
-28 90
-28 91
-29 91
-28 89
-29 89
-28 88
-29 88
-26 87
-27 87
-28 87
-29 87
-29 86
-28 86
-28 85
-27 85
-27 84
-28 84
-29 84
-29 83
-28 83
-27 83
-26 83
-29 85
-30 85
-30 86
-30 87
-31 87
-32 87
-33 87
-33 88
-33 89
-32 89
-32 90
-31 90
-32 91
-33 91
-34 91
-35 91
-36 91
-36 92
-34 90
-34 89
-35 89
-35 90
-36 90
-33 90
-34 88
-35 88
-36 88
-36 89
-37 88
-37 89
-37 90
-38 89
-38 90
-38 91
-37 91
-37 92
-38 92
-38 93
-37 93
-39 93
-39 94
-39 95
-39 96
-39 97
-40 97
-40 96
-40 94
-40 93
-39 92
-38 88
-38 87
-36 87
-35 87
-34 87
-33 86
-32 86
-31 86
-32 85
-32 84
-31 84
-33 84
-33 83
-34 83
-35 83
-35 84
-35 85
-34 85
-34 86
-34 84
-35 86
-36 85
-36 84
-35 82
-36 82
-33 82
-32 82
-32 83
-33 81
-34 81
-34 82
-35 81
-36 81
-36 80
-35 80
-34 80
-35 79
-36 79
-36 78
-36 77
-37 77
-37 78
-37 79
-38 79
-38 77
-39 77
-39 78
-38 78
-40 77
-40 78
-40 79
-39 79
-39 80
-38 80
-37 80
-37 81
-38 81
-39 81
-39 82
-38 82
-37 82
-39 83
-40 82
-41 82
-40 81
-40 80
-41 80
-41 79
-42 79
-43 79
-43 80
-42 80
-43 78
-44 78
-44 79
-45 79
-46 79
-47 79
-46 78
-43 77
-42 77
-42 78
-41 78
-44 77
-43 76
-42 76
-41 76
-41 77
-42 75
-43 75
-44 75
-43 74
-42 74
-44 74
-39 76
-38 76
-40 76
-39 75
-38 75
-38 74
-40 75
-37 76
-36 76
-35 78
-34 78
-34 79
-35 77
-33 85
-30 84
-26 86
-27 86
-26 85
-25 85
-24 85
-24 84
-23 84
-23 83
-24 83
-24 82
-23 82
-23 81
-24 81
-25 81
-25 82
-25 83
-26 82
-26 81
-27 81
-27 82
-27 80
-28 80
-29 80
-30 80
-28 79
-29 79
-30 79
-30 78
-29 78
-28 78
-29 77
-30 77
-31 77
-31 78
-30 76
-24 80
-23 80
-22 80
-22 81
-22 82
-22 79
-23 79
-23 78
-24 78
-24 79
-25 79
-25 80
-24 77
-24 76
-23 76
-23 77
-22 77
-21 77
-21 78
-20 78
-21 76
-22 78
-25 84
-26 84
-23 85
-22 85
-22 84
-21 84
-20 84
-20 83
-19 83
-18 83
-18 82
-19 82
-21 83
-22 83
-20 82
-21 82
-21 81
-21 80
-20 80
-20 81
-19 81
-18 81
-19 80
-16 83
-15 83
-15 82
-15 81
-14 81
-13 81
-13 82
-13 83
-14 83
-14 86
-16 88
-6 86
-6 85
-5 85
-7 85
-6 84
-6 83
-5 86
-6 80
-7 82
-7 83
-7 84
-8 84
-8 85
-9 84
-9 83
-10 83
-9 82
-8 82
-8 81
-10 82
-11 82
-12 82
-9 81
-8 83
-8 78
-8 79
-8 80
-9 80
-10 80
-11 80
-11 79
-10 79
-10 78
-9 79
-7 76
-7 75
-8 75
-9 75
-9 74
-10 74
-10 73
-10 72
-8 74
-8 73
-9 73
-7 74
-6 74
-6 75
-5 75
-5 76
-4 74
-5 74
5 77
4 77
4 76
5 76
4 75
5 75
5 74
4 74
3 73
2 73
1 73
1 74
2 74
3 74
3 75
0 73
0 74
-1 73
-1 74
-2 74
-2 73
-2 72
0 72
-1 72
-1 71
-2 71
-2 70
-1 70
-2 69
-1 69
1 72
2 72
1 71
0 71
0 70
3 70
2 70
2 71
2 69
3 69
1 69
4 66
3 66
3 67
2 67
2 68
2 66
1 66
0 66
0 67
1 67
-1 66
-2 66
-3 66
-4 66
-3 65
-2 65
-1 65
-1 64
-2 64
-3 64
4 65
8 64
7 64
7 63
8 63
8 62
6 61
6 60
7 60
7 59
7 58
5 57
5 58
4 57
4 56
5 56
5 55
4 55
6 54
8 54
7 54
14 59
13 59
19 62
21 61
22 61
23 61
24 61
23 60
22 60
21 60
20 60
19 60
20 59
21 59
22 59
20 61
20 62
25 63
20 68
19 68
19 67
20 67
20 66
19 66
19 69
21 72
19 74
18 74
15 79
15 78
15 81
18 83
18 82
19 81
24 80
23 80
22 80
22 81
25 81
26 81
26 78
25 78
24 78
25 77
28 77
29 77
29 76
29 75
30 75
27 76
26 74
25 74
25 73
24 73
24 74
23 74
22 74
23 73
22 73
24 72
25 72
23 72
24 71
25 71
27 73
28 73
29 73
26 73
26 72
32 70
31 70
30 67
30 68
29 67
30 66
29 66
31 64
31 63
30 63
29 63
30 62
29 62
28 61
28 62
27 61
26 61
26 62
27 62
25 62
24 62
28 60
27 60
28 59
27 59
29 58
28 58
27 58
27 57
27 54
26 54
27 53
28 52
28 51
30 49
29 49
29 48
29 47
30 47
30 48
31 48
30 46
31 46
32 46
32 47
33 47
34 47
31 47
32 45
32 44
30 45
29 45
29 46
28 45
28 46
28 47
28 48
27 47
27 48
26 48
26 47
27 46
27 45
27 44
28 44
26 44
26 45
26 46
25 44
25 45
25 46
25 43
26 43
29 44
30 44
31 44
31 45
31 43
30 43
29 43
29 42
28 42
27 42
26 42
26 41
25 41
26 40
27 40
28 40
29 40
30 40
31 40
30 39
29 39
29 38
28 38
30 38
31 38
29 41
28 41
27 39
28 39
26 39
25 39
24 39
24 40
25 40
24 38
23 38
23 39
25 38
26 38
27 38
27 37
28 37
27 36
33 46
33 45
33 44
33 43
32 43
32 42
33 42
32 40
32 39
33 39
33 38
32 38
32 36
31 36
28 36
28 35
29 33
28 33
29 32
30 32
30 31
31 31
31 30
32 30
32 31
33 31
33 30
34 27
34 28
34 26
34 25
36 25
38 23
37 23
38 22
37 22
37 21
38 21
39 21
39 22
40 22
40 23
41 23
42 23
43 23
43 22
44 22
45 22
46 22
47 22
48 22
49 22
50 22
50 23
50 24
51 24
52 24
52 23
53 23
54 23
54 24
55 24
55 23
54 25
55 25
56 25
56 26
56 27
57 27
55 27
54 27
54 28
55 28
53 27
53 26
54 26
55 26
56 24
57 24
57 25
54 22
53 22
53 24
51 23
51 22
52 22
52 21
51 21
51 20
50 20
51 19
51 18
52 18
53 18
53 19
53 20
54 20
54 21
55 21
56 21
57 21
57 20
58 20
58 21
58 22
59 22
59 23
60 23
60 24
61 24
62 24
63 24
61 25
60 25
61 23
59 21
60 21
61 21
62 21
62 22
63 22
64 22
64 23
65 23
66 23
67 23
68 23
69 23
70 23
71 23
72 23
73 23
74 23
74 24
75 24
75 23
76 23
77 23
77 24
78 24
78 25
78 26
79 26
77 25
78 23
79 23
79 22
80 22
80 21
81 21
81 22
79 21
80 20
78 22
78 21
77 21
77 22
76 22
75 22
74 22
76 21
78 20
79 20
77 20
76 24
76 25
76 26
75 26
74 26
73 26
73 25
74 25
75 25
73 24
72 22
73 22
72 21
70 22
68 24
68 25
69 25
70 25
70 24
71 24
69 26
70 26
70 27
69 27
69 28
70 28
70 29
69 29
68 29
68 30
68 28
68 27
67 27
67 28
67 29
67 30
67 31
66 29
66 30
65 29
65 30
65 31
66 31
65 32
64 31
63 31
64 30
63 30
62 30
61 30
61 31
62 31
62 32
63 32
63 33
64 33
64 32
63 34
64 34
64 35
65 35
66 35
66 34
65 34
65 33
66 33
66 32
67 32
68 32
65 36
66 36
67 36
68 36
68 37
69 37
69 38
70 38
70 39
71 39
72 39
72 40
73 40
73 41
74 41
75 41
74 42
74 43
75 43
76 43
77 43
78 43
79 43
79 44
80 44
80 43
81 43
82 43
83 43
83 42
82 44
83 44
81 44
79 45
80 45
81 45
78 45
77 45
77 46
76 46
76 47
77 47
77 48
78 48
79 48
80 48
81 48
81 49
82 49
80 49
81 47
82 47
82 48
82 46
82 45
79 47
78 47
79 46
80 46
81 46
75 47
75 48
75 49
74 48
73 48
72 48
72 47
73 47
74 47
75 46
75 45
76 45
76 44
75 44
74 44
74 45
73 44
73 43
78 44
77 44
77 42
78 42
79 42
80 42
76 42
75 42
77 41
78 41
79 41
79 40
78 40
77 40
76 40
76 41
77 39
78 39
76 39
75 39
75 40
74 40
74 39
73 42
71 40
70 40
70 41
69 41
69 42
69 43
69 44
70 44
71 44
71 45
69 45
69 46
70 46
71 46
72 46
71 47
71 48
71 49
70 45
69 47
68 44
68 45
68 46
67 46
66 46
67 45
66 45
67 44
66 44
65 44
65 45
65 46
64 46
64 47
64 48
65 48
63 47
63 48
63 49
63 50
62 49
62 50
62 47
62 48
62 46
61 46
61 45
61 44
60 44
60 45
60 46
59 44
59 45
59 43
60 43
61 43
62 43
62 42
63 42
64 42
65 42
65 41
66 41
67 41
68 41
68 40
69 40
69 39
67 40
66 40
67 42
68 42
68 43
67 43
66 42
64 41
63 41
63 40
64 40
64 39
62 40
62 39
63 39
63 38
62 38
62 37
62 36
61 36
61 37
60 37
60 36
61 35
61 34
60 34
61 33
62 33
61 32
60 32
63 37
64 37
64 38
64 36
63 43
63 44
62 44
61 42
61 41
60 41
59 41
58 41
58 42
57 42
56 42
55 42
55 43
56 43
55 44
56 44
57 44
58 44
58 43
57 45
58 45
57 43
55 45
56 45
54 45
54 46
55 46
55 47
56 47
54 47
54 48
55 48
55 49
55 50
54 50
54 51
55 51
53 50
53 49
54 49
53 48
53 47
54 44
54 43
54 42
53 42
52 42
51 42
51 43
52 43
51 44
52 44
51 45
52 45
53 45
53 46
52 46
52 47
52 48
52 49
51 48
51 47
53 44
53 43
50 44
49 44
49 45
50 45
50 43
49 43
48 43
50 42
49 42
49 41
48 41
48 40
49 40
50 40
50 39
49 39
48 39
48 38
48 37
49 37
49 38
49 36
50 38
47 40
47 41
47 42
47 43
46 41
46 40
45 40
47 39
47 38
46 38
46 39
51 41
50 41
51 40
52 41
53 41
54 41
55 41
55 40
54 40
53 40
53 39
52 39
51 39
53 38
56 41
57 41
57 40
56 40
59 40
60 40
60 39
59 39
59 38
60 38
59 37
59 36
59 35
60 35
59 34
58 34
58 35
58 36
57 35
57 34
56 34
56 33
59 33
58 33
57 33
57 32
57 31
58 31
59 31
59 30
58 30
57 30
58 32
59 32
58 40
61 40
61 39
61 38
60 42
59 42
63 46
63 45
64 45
64 44
65 43
66 43
64 43
68 35
65 37
66 37
66 38
67 38
68 38
67 37
65 38
65 39
66 39
63 35
63 36
62 34
61 29
62 29
60 29
60 30
59 29
61 28
66 28
65 28
64 28
64 27
63 27
63 28
62 28
62 27
61 27
60 27
59 27
59 28
60 28
61 26
62 26
66 27
67 26
68 26
69 24
67 25
66 25
66 26
65 26
64 26
63 26
64 25
65 25
66 24
67 24
66 22
67 22
68 22
65 24
64 24
65 22
63 23
61 22
61 20
62 20
62 19
61 19
60 19
60 20
59 19
59 20
58 19
57 19
56 19
56 18
57 18
56 17
55 17
55 18
54 17
54 16
53 16
53 17
52 17
54 15
53 15
52 15
52 16
52 14
51 14
51 15
51 16
50 16
50 17
51 17
50 18
49 16
50 15
49 15
48 15
48 16
48 17
47 17
46 17
46 18
46 19
46 20
47 20
47 21
48 21
46 21
45 20
44 20
44 19
45 19
45 18
43 19
43 18
44 18
44 17
43 17
42 17
43 16
44 16
42 16
41 16
41 17
41 15
41 14
42 14
43 14
44 14
44 15
43 15
42 15
44 13
45 13
43 13
43 12
44 12
45 12
45 11
44 11
43 11
42 11
42 12
41 12
41 11
42 10
42 9
43 9
43 10
44 10
45 10
44 9
43 8
43 7
44 7
45 7
44 6
43 6
43 5
43 4
42 4
42 5
42 6
42 7
41 7
40 7
39 7
39 8
41 6
43 3
42 3
42 2
43 2
44 2
41 2
41 3
41 4
42 1
41 1
41 0
42 0
43 0
44 0
44 1
45 1
45 0
43 1
44 -1
43 -1
43 -2
42 -2
42 -1
41 -1
40 -1
39 -1
39 0
38 0
38 1
41 -2
40 -2
40 -3
41 -3
42 -3
42 -4
42 -5
41 -5
40 -5
39 -5
39 -4
40 -4
41 -4
38 -4
38 -5
37 -5
37 -4
37 -3
38 -3
36 -3
36 -2
35 -3
35 -2
35 -1
36 -1
37 -1
38 -1
37 0
37 1
37 -2
36 0
36 1
36 2
37 2
37 3
37 4
36 4
35 4
35 5
35 3
35 2
34 2
34 3
34 4
34 5
34 6
34 7
35 7
36 7
36 8
36 9
35 8
34 8
34 9
35 9
35 10
36 10
37 10
37 11
37 12
34 10
34 11
35 11
35 12
35 13
36 13
34 13
34 14
34 15
33 15
33 16
33 17
34 17
35 17
36 17
37 17
37 18
38 18
38 19
36 16
35 16
34 16
34 12
33 12
33 13
33 14
32 14
32 13
31 13
31 14
30 14
30 13
29 13
29 14
29 12
28 12
27 12
27 13
28 13
28 14
27 14
27 15
27 16
28 16
28 15
26 13
25 13
24 13
23 13
25 12
26 12
26 11
26 10
27 10
27 9
28 9
25 10
25 9
26 9
26 8
27 8
28 8
28 7
29 7
29 8
30 8
30 9
30 7
30 6
31 6
31 7
32 7
33 7
33 8
33 9
32 8
31 8
32 6
31 5
32 5
32 4
31 4
31 3
30 3
29 3
29 4
29 5
29 6
28 6
27 6
26 6
28 4
28 5
29 2
30 2
31 2
32 2
33 2
33 1
30 1
29 1
29 0
29 -1
30 -1
31 -1
32 -1
32 -2
32 -3
31 0
29 -2
28 -2
28 -1
29 -3
28 -3
28 -4
29 -4
28 2
27 2
26 2
26 3
25 2
24 2
25 1
26 1
27 1
26 0
27 0
27 -1
27 -2
27 -3
26 -3
26 -2
26 -1
25 -1
25 -2
27 -4
27 -5
25 0
32 3
30 5
27 7
25 8
24 8
23 8
23 9
24 9
23 10
24 10
22 10
22 11
23 11
21 10
20 10
22 9
22 8
22 7
23 7
24 7
25 7
26 7
25 6
25 5
26 5
25 4
24 4
24 5
23 5
23 4
24 3
25 3
24 6
23 6
29 11
29 10
28 10
28 11
29 9
30 12
30 11
31 11
32 11
32 10
33 10
31 12
32 12
33 11
34 1
35 1
35 0
34 0
33 0
32 0
32 1
33 -1
34 -1
36 3
36 -4
35 -4
35 -5
36 -5
37 -6
38 -6
38 -7
39 -7
40 -7
40 -6
41 -6
42 -6
42 -7
41 -7
40 -8
39 -8
38 -8
37 -8
37 -7
39 -9
39 -10
39 -3
39 -2
38 -2
43 -3
44 -3
43 -4
44 -4
44 -5
45 -5
44 -2
40 14
39 14
39 13
40 13
41 13
42 13
39 12
40 12
40 11
39 11
38 11
38 12
39 10
38 10
38 9
39 9
37 9
37 8
38 8
38 7
38 6
38 5
40 10
41 10
41 9
40 9
40 8
41 8
45 17
45 16
47 16
46 16
47 15
46 15
45 15
45 14
46 14
48 14
47 14
47 13
46 13
46 12
47 12
48 12
49 12
49 13
48 13
48 11
49 11
50 11
50 12
50 13
49 10
50 10
50 9
48 10
47 10
46 10
46 11
48 9
49 9
49 8
50 8
50 7
51 7
49 7
48 7
50 6
49 6
50 5
49 5
48 5
47 11
50 14
51 13
52 13
56 16
56 15
57 15
57 14
57 13
58 13
58 14
56 13
56 14
55 14
54 14
54 13
54 12
55 12
56 12
56 11
55 11
54 11
53 11
52 11
55 10
56 10
57 10
56 9
55 9
55 13
53 12
53 13
52 12
57 12
57 11
58 11
58 18
59 18
60 18
61 18
62 18
63 18
63 19
64 19
64 18
65 18
63 17
62 17
61 17
60 17
63 16
62 16
63 15
64 15
65 15
65 16
66 16
66 17
65 17
64 16
64 17
65 14
66 14
67 14
68 14
69 14
70 14
71 14
72 14
72 13
72 12
73 12
73 13
71 13
70 13
70 12
69 12
69 11
68 11
67 11
67 12
67 13
66 12
66 13
65 13
65 12
66 11
66 10
67 10
68 10
68 9
67 9
66 9
66 8
65 8
67 8
68 8
67 7
68 7
68 6
67 6
66 7
66 6
65 6
65 7
64 7
64 8
63 7
64 6
64 5
64 4
63 4
63 3
62 3
62 2
61 2
70 11
70 10
69 15
69 13
68 15
68 16
69 16
70 16
70 17
71 17
71 18
72 18
73 18
72 19
73 19
74 19
73 20
74 20
73 21
72 20
72 17
72 16
71 16
71 15
72 15
73 15
74 15
74 16
75 16
75 17
76 17
76 16
77 16
78 16
78 17
79 17
80 17
80 18
80 19
79 19
80 16
81 16
82 16
82 17
81 15
81 14
80 14
79 14
80 13
79 18
78 18
78 19
77 19
76 19
76 20
76 18
77 18
78 15
79 15
77 17
74 17
75 15
76 15
77 15
77 14
78 14
78 13
76 14
76 13
77 13
77 12
78 12
79 12
80 12
81 12
81 13
81 11
82 11
82 12
83 12
83 11
82 13
83 13
84 13
85 13
85 14
84 14
84 15
85 15
83 14
83 15
83 16
84 16
84 17
85 17
85 18
86 18
87 18
87 19
88 19
89 19
89 20
90 20
89 21
89 22
90 22
90 23
88 20
88 21
88 22
88 23
89 23
87 22
86 22
85 22
87 20
86 20
86 21
87 21
85 20
84 20
84 21
83 20
83 21
83 22
84 22
82 22
82 23
83 23
84 23
85 23
86 23
87 23
87 24
88 24
89 24
87 25
88 25
89 25
90 25
90 24
91 24
91 25
92 25
92 26
93 26
94 26
95 26
96 26
97 26
97 27
98 27
98 28
96 27
96 25
97 25
97 24
98 24
99 24
99 25
99 26
98 25
96 24
95 25
94 25
95 24
95 23
96 23
94 23
94 24
93 23
93 24
93 25
92 24
92 23
92 22
93 22
91 22
91 21
92 21
93 21
93 20
94 20
94 21
92 20
93 19
94 19
95 19
95 20
94 18
94 22
95 22
95 21
95 27
94 27
94 28
91 26
91 27
91 28
92 28
92 29
93 29
94 29
94 30
95 30
96 30
97 30
98 30
99 30
99 29
99 28
99 27
98 31
99 31
100 31
100 32
101 32
99 32
100 30
101 30
101 31
98 32
98 29
97 29
96 29
96 28
97 28
95 29
95 28
91 29
90 29
89 29
89 30
89 28
89 27
90 27
89 26
90 26
88 26
88 27
87 26
92 27
93 27
90 28
91 23
85 24
86 24
84 24
83 24
82 24
82 25
81 25
81 26
82 26
82 27
81 27
81 28
82 28
83 28
84 28
84 29
85 29
85 28
86 28
85 27
83 29
82 29
82 30
83 30
84 30
84 31
82 31
81 30
81 31
81 32
82 32
81 33
80 32
80 31
79 31
78 31
77 31
78 30
79 30
80 30
80 29
81 29
78 29
79 29
84 27
83 27
84 26
85 26
86 26
86 27
86 25
80 27
79 27
78 27
78 28
79 28
77 27
77 28
80 26
81 24
81 23
80 23
80 24
80 25
79 24
82 21
82 20
81 20
82 19
83 19
81 19
84 19
84 18
86 19
85 19
87 17
88 17
86 17
86 16
87 16
88 16
88 15
89 15
90 15
91 15
92 15
92 16
91 16
91 17
91 18
92 18
93 18
90 18
89 18
88 18
89 17
90 17
92 14
91 14
90 14
90 16
87 15
87 14
88 14
89 14
88 13
89 13
90 13
90 12
89 12
88 12
87 12
87 13
86 13
86 14
86 15
86 12
85 12
84 12
85 11
86 11
87 11
86 10
89 11
90 11
88 11
83 17
83 18
82 15
82 14
82 10
81 10
82 9
83 9
83 10
84 10
84 9
85 9
86 9
85 8
86 8
86 7
84 8
83 8
82 8
83 7
84 7
85 7
84 6
83 6
81 9
80 11
79 11
78 11
77 11
76 11
77 10
76 10
76 9
76 8
77 8
75 8
75 7
74 7
74 6
75 6
75 5
76 5
77 5
77 6
78 6
79 6
78 5
78 4
77 4
77 3
77 7
76 7
76 6
76 4
75 4
73 6
72 6
72 7
73 7
72 5
72 4
73 4
73 5
74 5
77 9
78 9
79 9
79 8
79 7
80 7
80 8
81 8
80 6
81 6
78 7
78 10
79 10
80 10
80 9
79 13
75 14
75 13
74 13
74 14
74 12
75 12
76 12
73 16
73 17
73 14
71 19
69 17
68 17
68 18
69 18
70 18
69 19
69 20
70 20
71 20
70 21
71 21
69 21
69 22
68 20
67 20
66 20
68 19
67 17
67 18
67 16
70 15
58 17
57 17
58 16
57 16
58 15
58 23
57 23
56 23
56 22
55 22
57 22
56 20
55 20
53 21
52 19
52 20
51 25
52 25
53 25
51 26
50 26
49 26
50 25
50 21
47 23
48 23
48 24
49 24
49 25
49 23
48 25
47 24
44 21
45 21
43 21
42 21
41 21
41 22
42 22
40 21
40 20
39 20
39 19
40 19
40 18
39 18
40 17
39 17
40 16
40 15
39 15
42 20
42 19
41 19
43 20
42 24
42 25
43 25
41 25
41 24
40 24
40 25
40 26
41 26
42 26
42 27
43 27
44 27
44 28
44 26
44 25
45 25
46 25
46 26
47 26
48 26
48 27
47 27
46 27
46 28
46 29
47 29
48 29
49 29
49 28
49 27
48 30
49 30
50 30
50 29
50 28
47 30
48 28
47 28
47 25
45 26
45 24
46 24
45 23
46 23
42 28
43 28
42 29
42 30
41 30
40 30
40 31
41 31
39 31
39 30
39 29
38 29
38 28
38 27
40 29
41 29
41 28
41 27
40 27
40 28
39 26
39 27
39 28
39 25
39 24
35 24
35 25
33 23
32 23
33 22
34 22
32 25
32 26
33 26
33 27
32 27
32 28
33 28
32 29
33 29
31 29
31 28
31 27
30 27
30 28
30 29
30 30
29 29
29 28
29 27
28 27
28 28
27 28
26 28
26 29
26 30
27 30
28 30
29 30
28 29
26 31
26 32
25 30
25 31
24 31
24 32
23 32
23 33
23 34
22 33
22 32
23 31
23 30
22 30
21 30
20 30
20 29
21 29
22 29
22 28
23 28
24 28
23 27
22 27
21 27
21 26
22 26
22 25
23 25
24 25
25 25
26 25
26 24
27 24
27 25
27 26
26 26
25 26
27 23
26 23
26 22
26 21
25 21
25 22
24 22
24 23
24 24
23 23
23 24
22 24
21 24
21 25
20 25
20 24
24 21
25 20
26 20
27 20
27 21
26 19
27 19
27 18
24 20
23 20
22 20
21 20
21 21
22 21
23 21
21 22
20 22
20 23
21 23
22 23
20 21
20 20
21 19
22 19
20 19
19 19
18 19
18 20
21 18
22 18
22 17
23 17
23 18
24 18
23 19
22 16
24 19
25 19
25 18
25 17
24 17
25 24
24 26
24 27
20 26
19 26
23 26
21 28
20 28
20 27
24 30
25 29
25 28
26 27
27 27
33 25
31 25
31 26
30 26
31 23
31 22
32 22
32 21
30 22
30 21
30 20
31 20
32 20
32 19
31 19
30 19
29 20
29 21
29 19
31 21
30 25
28 23
28 24
27 22
26 18
24 15
23 15
20 16
19 15
18 15
18 16
18 17
18 14
17 14
19 11
18 11
17 13
18 13
16 13
16 14
16 15
15 14
16 10
16 9
15 9
14 9
13 9
13 8
12 8
11 8
10 8
10 7
9 7
10 6
11 6
12 6
11 7
11 5
12 5
12 4
11 4
10 4
10 5
9 4
8 4
8 5
7 5
7 4
10 3
11 3
12 3
13 3
14 3
13 4
13 5
9 3
8 3
7 3
9 6
14 8
15 8
16 8
17 8
18 8
18 9
18 10
17 10
18 7
19 7
19 8
20 8
20 9
21 9
19 9
19 10
17 7
16 7
15 7
15 6
14 6
14 7
13 6
13 7
14 5
14 4
15 4
15 5
15 3
16 3
16 6
17 6
18 6
17 9
15 13
14 13
14 14
13 13
14 11
13 11
11 10
10 10
9 10
8 10
8 11
9 11
10 11
11 11
8 12
7 12
7 11
6 11
7 10
6 10
5 10
5 11
5 12
6 12
6 13
5 13
4 13
4 11
4 12
3 12
3 13
2 13
2 14
1 14
1 13
2 12
1 12
0 12
1 11
1 10
2 10
2 11
3 11
1 8
1 9
2 9
0 9
-1 9
-1 10
0 10
0 11
-2 10
-2 11
-1 8
-1 7
-1 6
0 6
0 7
1 7
1 6
0 5
1 5
0 4
1 4
2 4
2 3
2 2
3 2
3 1
2 1
2 0
3 0
1 0
1 3
0 3
-1 3
-1 4
-2 4
-3 4
-3 3
-2 3
0 2
1 2
-2 6
-2 5
-1 5
-3 5
0 8
4 -2
5 -2
6 -2
6 -3
5 -1
6 -1
5 0
5 1
6 1
6 2
7 2
8 2
7 1
8 1
9 1
6 0
5 2
5 -3
3 -2
4 -3
3 -3
2 -3
2 -2
2 -4
3 -4
4 -4
1 -2
0 -2
1 -3
1 -4
0 -4
0 -5
0 -6
1 -6
1 -7
-1 -6
-1 -5
-1 -4
-1 -3
-1 -2
-2 -3
-2 -2
-2 -4
-2 -5
-2 -6
-2 -7
-2 -8
-2 -9
1 -5
-1 -1
-1 0
